3.603174730371397345e+03
2.914108562163761235e+03
3.536720588913140546e+03
3.627669904448149282e+03
2.660124057157107927e+03
2.786763064612228391e+03
3.521462392596591599e+03
3.053065683347942013e+03
3.261057253043153196e+03
1.130139195350190676e+03
3.612099738912447719e+03
3.512791935631538763e+03
3.389721155460038517e+03
3.563977687200799664e+03
2.603607486798966420e+03
1.835518046138772206e+03
3.092291180540622918e+03
3.604031334061404777e+03
2.813356151961762407e+03
3.508825295171973266e+03
2.965828510385238133e+03
3.262167734181818560e+03
2.357625522373130480e+03
3.511605188883008850e+03
3.460925679657656019e+03
3.048135133726197182e+03
3.633638767843813639e+03
2.259194745691719163e+03
1.861964346589932575e+03
3.394370026033539489e+03
3.642700232352050079e+03
3.557936686790217209e+03
3.542042575550993206e+03
3.568074794012100028e+03
3.159684593096264507e+03
3.294790617717534587e+03
3.480255526437470962e+03
3.383898728762625979e+03
3.361733377827337335e+03
2.431947250478502610e+03
3.630399435496442493e+03
1.629512936175422965e+03
1.985237679614955823e+03
3.644326004823731182e+03
3.610001790620816337e+03
2.410384663686636486e+03
3.654132931049835406e+03
2.668624755699372145e+03
3.638747669586195116e+03
3.635461121571686363e+03
3.626509776676417459e+03
3.496396687635349736e+03
3.653063468652238498e+03
3.651307074218284924e+03
3.314908404833029181e+03
2.807880848678643815e+03
1.748503648058161843e+03
3.078035832037710406e+03
2.565919408859275336e+03
3.230704462739293376e+03
2.673818900435077921e+03
3.442624258600190842e+03
3.594121390414033613e+03
3.468848978196601365e+03
3.614347032387924173e+03
3.644477403729762500e+03
1.435352624194063083e+03
2.932447662015038532e+03
3.626081314295131961e+03
3.197397500144363676e+03
3.625100721860146223e+03
3.410229515316452307e+03
3.514859543157239841e+03
2.846748688027388198e+03
3.506810285050475159e+03
2.070916558975069620e+03
2.957944480405779814e+03
2.327327700364807242e+03
3.531135248783033603e+03
2.801566896093645937e+03
3.575938509829968552e+03
3.453902081702723535e+03
2.568647757816595004e+03
1.961567453436946607e+03
2.771585967826210435e+03
3.202012083324678315e+03
2.241908627898053965e+03
2.962817196800916463e+03
3.650844345334031459e+03
2.131891782711899850e+03
2.781836032857603641e+03
2.747090548213745024e+03
3.607689227669327920e+03
3.548466360299598819e+03
2.988220875172195520e+03
2.938142484298626641e+03
3.516312455418929403e+03
2.280874377369288140e+03
3.650345810968382011e+03
2.966628603621612911e+03
