-1.364055671729147434e-03
-3.176090866327285767e-02
2.157874219119548798e-02
5.639598704874515533e-03
-6.173671782016754150e-02
-2.659585094079375267e-03
9.917843155562877655e-03
5.590261518955230713e-02
3.026756271719932556e-02
-1.389854773879051208e-02
-1.179459214210510254e+00
-8.371390104293823242e-01
-1.017499446868896484e+00
1.422700881958007812e+00
-8.431119918823242188e-01
9.456648491322994232e-03
1.278093270957469940e-02
-6.649431586265563965e-02
1.541609177365899086e-03
1.504630129784345627e-02
3.045075200498104095e-02
-1.199738960713148117e-02
3.946819342672824860e-03
1.457552611827850342e-02
4.281347617506980896e-02
-1.080350764095783234e-02
-2.825232036411762238e-02
6.137687712907791138e-03
-5.618979223072528839e-03
4.869129881262779236e-02
2.433210983872413635e-02
2.410029293969273567e-03
-2.566949278116226196e-02
4.421215876936912537e-02
-4.682443104684352875e-03
-6.418229639530181885e-02
1.301182340830564499e-02
2.334291115403175354e-02
2.541086450219154358e-02
-1.738505251705646515e-02
-2.937938459217548370e-02
-3.209342807531356812e-02
-3.590912371873855591e-02
1.374006737023591995e-02
-5.030115321278572083e-02
-1.510174665600061417e-02
6.639671325683593750e-02
-3.257895633578300476e-02
-3.068390674889087677e-02
1.720464788377285004e-02
-1.729851402342319489e-02
3.711879253387451172e-04
2.501118741929531097e-02
-5.074980109930038452e-02
1.844984106719493866e-02
2.581497654318809509e-02
1.689631678164005280e-02
-2.721873670816421509e-02
-2.803977392613887787e-02
-1.266679633408784866e-02
-7.893784902989864349e-03
4.449579864740371704e-02
-1.753018610179424286e-02
3.428932279348373413e-02
-8.051620796322822571e-03
-1.851681433618068695e-02
-2.808758243918418884e-02
2.386299148201942444e-02
5.343561992049217224e-03
2.486607432365417480e-02
-1.772683672606945038e-02
8.153797686100006104e-02
7.099597901105880737e-02
-1.157814171165227890e-02
2.067011594772338867e-02
-1.060414034873247147e-02
1.243311725556850433e-02
3.606081940233707428e-03
6.840574555099010468e-03
-7.914214581251144409e-02
-2.278079837560653687e-02
-5.156768020242452621e-03
8.686415385454893112e-04
-2.955488394945859909e-03
-1.103853248059749603e-02
2.694703638553619385e-02
5.117810517549514771e-02
-9.221893735229969025e-03
2.863409370183944702e-02
-3.125101793557405472e-04
4.703658074140548706e-02
-1.792299002408981323e-02
6.430412176996469498e-03
-3.904210403561592102e-02
3.529858589172363281e-02
-2.693650126457214355e-02
-1.057840604335069656e-02
-2.506365766748785973e-03
1.269599422812461853e-02
5.658566206693649292e-02
