-1.614313758909702301e-02
-3.793280199170112610e-02
5.377162713557481766e-03
-1.419871393591165543e-02
3.785222023725509644e-02
-2.880211733281612396e-02
-3.008496202528476715e-02
-1.166254840791225433e-02
1.557708252221345901e-02
-9.056222043000161648e-04
2.234593965113162994e-03
-6.984895560890436172e-03
-1.683394983410835266e-02
4.977028816938400269e-03
4.907794296741485596e-02
2.118219435214996338e-02
-1.066724397242069244e-02
-5.987062305212020874e-02
1.949497964233160019e-03
2.118922770023345947e-03
-3.341832384467124939e-02
-1.180212944746017456e-02
-5.614056717604398727e-03
-3.994583338499069214e-02
4.207547008991241455e-02
-6.921594031155109406e-03
6.581397261470556259e-03
-3.982712328433990479e-02
-2.445052191615104675e-02
-3.784110397100448608e-02
-1.384442299604415894e-02
-5.555574223399162292e-02
-1.173538994044065475e-02
2.592125535011291504e-02
-4.393819347023963928e-02
-3.502960503101348877e-02
-2.398637495934963226e-02
-6.279996130615472794e-03
3.110124729573726654e-02
-1.549123972654342651e-02
1.915370486676692963e-02
-1.225554291158914566e-02
-1.511511579155921936e-02
-1.418964937329292297e-02
-5.916717648506164551e-02
-8.237011730670928955e-03
-7.320646941661834717e-02
-1.908978261053562164e-02
1.321531366556882858e-03
-2.918334677815437317e-02
-5.124281160533428192e-03
1.990761421620845795e-02
4.464461654424667358e-02
-2.083021914586424828e-03
-3.227505832910537720e-02
-2.202519774436950684e-02
2.650933340191841125e-03
-3.366878256201744080e-03
-5.270743370056152344e-02
-6.139286980032920837e-02
-4.738205112516880035e-03
2.045791037380695343e-02
5.779872834682464600e-02
3.753218054771423340e-02
-7.523483783006668091e-02
-3.488564118742942810e-02
-9.472605888731777668e-04
1.447417307645082474e-03
-2.122710226103663445e-03
-3.678701072931289673e-02
-7.635745406150817871e-02
4.042652994394302368e-02
3.759445995092391968e-02
5.166330933570861816e-02
-5.567693337798118591e-02
1.072921231389045715e-02
9.309218265116214752e-03
-2.009384520351886749e-02
8.027017116546630859e-03
2.749045006930828094e-02
1.436270656995475292e-03
-2.123929746448993683e-02
1.347921043634414673e-02
-2.375867031514644623e-02
-7.032275944948196411e-02
3.184708952903747559e-02
-2.635002136230468750e-03
5.232445895671844482e-03
1.864329352974891663e-02
-4.147874191403388977e-02
-3.099889028817415237e-03
2.050411328673362732e-02
3.132110461592674255e-02
-3.252299875020980835e-02
-3.284999169409275055e-03
1.764325611293315887e-02
2.119318023324012756e-02
-1.077545154839754105e-02
-5.557351559400558472e-02
-7.505454123020172119e-03
