1.543018035590648651e-02
-5.694653373211622238e-03
1.007533632218837738e-02
-4.578039050102233887e-03
-5.668600089848041534e-03
-4.939956124871969223e-03
3.700107336044311523e-04
6.561642512679100037e-03
-1.176113449037075043e-02
-4.183609969913959503e-03
-1.058684468269348145e+00
1.691796541213989258e+00
-9.932870864868164062e-01
1.397246360778808594e+00
1.724908351898193359e+00
6.622348446398973465e-03
-8.312568999826908112e-03
1.974000968039035797e-02
-6.233056541532278061e-03
6.007792428135871887e-03
-7.491793949156999588e-03
-7.620013318955898285e-03
4.128186032176017761e-03
-4.130023997277021408e-03
-1.155695971101522446e-02
1.270468253642320633e-02
-3.421107772737741470e-03
2.606202475726604462e-02
1.634569652378559113e-02
1.642219163477420807e-02
-2.738128881901502609e-03
-1.092132646590471268e-02
-9.401850402355194092e-03
-2.009883895516395569e-02
7.881201803684234619e-03
-1.987696625292301178e-02
1.406159531325101852e-02
-9.248404763638973236e-03
-9.279906749725341797e-03
-2.995979506522417068e-03
-3.903174074366688728e-03
1.037772279232740402e-02
1.286023296415805817e-03
1.413187850266695023e-02
7.884266786277294159e-03
-2.276426367461681366e-02
4.937674850225448608e-03
4.304805770516395569e-03
3.779404098168015480e-03
-3.875931259244680405e-03
-7.098526111803948879e-05
1.341528166085481644e-02
-1.687690848484635353e-03
-1.516154501587152481e-03
2.313633915036916733e-03
4.659636877477169037e-03
-1.213297247886657715e-02
1.439541345462203026e-03
-2.002258785068988800e-02
1.128370501101016998e-02
-1.049811299890279770e-02
9.497111663222312927e-03
3.524173051118850708e-03
5.926646292209625244e-03
-1.222981698811054230e-02
-1.753652701154351234e-03
-1.055467594414949417e-02
7.113947998732328415e-03
-1.666921563446521759e-02
-5.301237106323242188e-03
-1.246407045982778072e-03
-5.956204142421483994e-03
-1.146276574581861496e-02
-4.512903746217489243e-03
-1.069452613592147827e-02
1.356838177889585495e-02
-8.450080640614032745e-03
-7.892755791544914246e-03
5.957424174994230270e-03
-2.047405578196048737e-02
-1.864606887102127075e-02
-1.466695830458775163e-04
1.249293214641511440e-03
-1.822371617890894413e-03
2.477976027876138687e-03
-5.628567188978195190e-03
1.137305400334298611e-03
1.357295271009206772e-02
9.438429959118366241e-03
1.097116433084011078e-02
1.571419835090637207e-02
2.162024378776550293e-02
-1.298344868700951338e-04
-8.227480575442314148e-03
-6.758243776857852936e-03
-1.351601537317037582e-02
-4.556514322757720947e-03
-9.473620913922786713e-03
1.502696890383958817e-02
-7.604139391332864761e-03
