9.386683814227581024e-03
-7.390291895717382431e-03
1.633705198764801025e-02
7.122536771930754185e-04
1.653767563402652740e-02
-4.267770051956176758e-02
2.527984045445919037e-02
1.742148399353027344e-02
4.783058911561965942e-02
-1.243039220571517944e-02
-1.819466948509216309e+00
1.280478358268737793e+00
9.801988601684570312e-01
1.210853099822998047e+00
-1.715538382530212402e+00
-1.169341802597045898e-02
4.635287821292877197e-02
2.409497462213039398e-02
2.795161306858062744e-02
-2.273929119110107422e-02
-4.713654890656471252e-02
-1.440697722136974335e-02
2.329838648438453674e-02
1.218111626803874969e-02
8.273391984403133392e-03
4.666029289364814758e-02
-1.913001947104930878e-02
-6.882666610181331635e-03
8.162428624927997589e-03
-1.412004511803388596e-02
9.723265655338764191e-03
2.213848009705543518e-02
5.936551839113235474e-03
-2.119146659970283508e-02
1.135972980409860611e-02
4.827812686562538147e-02
1.391046773642301559e-02
2.336358884349465370e-04
-2.150686830282211304e-02
3.387410892173647881e-03
-1.509134378284215927e-02
-2.206587977707386017e-02
4.700902849435806274e-03
-6.650301627814769745e-03
-1.147890742868185043e-02
8.066017180681228638e-03
1.037756819278001785e-02
1.209583040326833725e-02
8.719843812286853790e-03
-1.988152414560317993e-02
-1.220740284770727158e-02
2.449163049459457397e-02
3.625051677227020264e-02
2.836621552705764771e-02
-9.049993008375167847e-03
-2.976018190383911133e-02
-1.095924619585275650e-02
-7.363032549619674683e-02
-5.326538160443305969e-02
1.639411412179470062e-02
6.366129964590072632e-03
-4.371688514947891235e-02
2.169587463140487671e-02
3.000735491514205933e-02
2.760527096688747406e-02
1.165897771716117859e-02
-2.973033487796783447e-02
-4.748390987515449524e-02
-8.274195343255996704e-02
5.772724281996488571e-03
3.151838108897209167e-02
-3.689290955662727356e-02
-1.595037989318370819e-03
4.847376048564910889e-02
-4.544207360595464706e-03
-4.965871945023536682e-02
-1.694156089797616005e-03
-3.933025524020195007e-03
-2.279984951019287109e-02
1.533335167914628983e-02
-1.799695380032062531e-02
-3.534621559083461761e-03
1.639151247218251228e-03
-2.506918273866176605e-03
-1.134447567164897919e-02
-7.946511730551719666e-03
3.345457091927528381e-02
2.680169790983200073e-02
-3.581082075834274292e-02
1.053375098854303360e-02
2.596485242247581482e-02
-2.916011400520801544e-02
2.520880289375782013e-02
-2.023964188992977142e-02
2.277654595673084259e-02
3.829092252999544144e-03
-5.838460847735404968e-02
4.565485194325447083e-02
-3.455385565757751465e-02
7.698899600654840469e-03
