1.490280497819185257e-02
-1.597161870449781418e-03
-1.856669038534164429e-02
6.172205507755279541e-02
4.823235049843788147e-02
1.180016994476318359e-02
6.977607496082782745e-03
-5.808925721794366837e-03
-4.439432546496391296e-02
-2.863880712538957596e-03
7.368875145912170410e-01
-8.147785067558288574e-01
9.596862196922302246e-01
1.564867019653320312e+00
-1.712251305580139160e+00
-3.272937145084142685e-03
2.230242080986499786e-02
-2.457501180469989777e-02
-2.897880412638187408e-02
-1.796658150851726532e-02
8.947974070906639099e-03
-1.767640933394432068e-02
-1.284661702811717987e-04
-6.955157034099102020e-03
9.401228278875350952e-03
-3.044697642326354980e-02
1.405184157192707062e-02
1.510749757289886475e-02
7.405134383589029312e-03
5.437895655632019043e-02
3.187967836856842041e-02
1.456959266215562820e-02
-6.131502334028482437e-03
2.278079837560653687e-02
1.287234947085380554e-02
-7.105739414691925049e-02
-5.944088567048311234e-03
-2.563262358307838440e-03
-3.460227977484464645e-03
-1.457267347723245621e-02
1.718350313603878021e-02
3.730109333992004395e-02
-2.402940392494201660e-02
1.727439835667610168e-02
1.234310679137706757e-03
1.901962328702211380e-03
2.569820545613765717e-02
-2.190993726253509521e-02
-1.227284502238035202e-02
3.124245814979076385e-02
-9.783444926142692566e-03
-2.628286369144916534e-02
9.249063581228256226e-02
-2.311513759195804596e-03
-1.220858749002218246e-02
-5.421080067753791809e-02
-4.443049058318138123e-02
4.087322391569614410e-03
3.997700288891792297e-03
9.212243370711803436e-03
3.377262130379676819e-02
4.885070398449897766e-02
-1.928503811359405518e-02
-7.757159322500228882e-02
-1.102379802614450455e-02
4.323464632034301758e-02
1.216558925807476044e-02
1.875279285013675690e-02
5.395380780100822449e-03
-1.425592415034770966e-02
-8.730597794055938721e-03
-3.039282560348510742e-02
-1.209237799048423767e-02
9.055519476532936096e-03
6.683483719825744629e-02
1.641891431063413620e-03
6.813532859086990356e-02
-1.889012940227985382e-02
3.859917074441909790e-02
-5.406416952610015869e-03
-4.510207846760749817e-02
-2.176413685083389282e-02
-1.521542947739362717e-02
1.810876280069351196e-02
1.476718205958604813e-02
7.024361938238143921e-02
-2.693270519375801086e-02
-2.023213170468807220e-02
-3.367724642157554626e-02
1.600615214556455612e-03
-1.556701119989156723e-02
1.505966950207948685e-02
7.246642373502254486e-03
-2.661405876278877258e-02
4.357810318470001221e-02
3.184585645794868469e-02
4.832207411527633667e-02
2.647191286087036133e-02
-1.683557033538818359e-02
2.072888426482677460e-02
