7.063314914703369141e-01
9.749277830123901367e-01
4.774198830127716064e-01
9.748368263244628906e-01
1.209706425666809082e+00
1.112659096717834473e+00
1.138606190681457520e+00
8.820542097091674805e-01
8.237162232398986816e-01
9.262642860412597656e-01
1.433568358421325684e+00
1.153746843338012695e+00
9.138338565826416016e-01
4.592389762401580811e-01
1.369052886962890625e+00
1.095197319984436035e+00
7.006856799125671387e-01
7.559601068496704102e-01
6.265747547149658203e-01
6.165898442268371582e-01
1.284985184669494629e+00
1.156006097793579102e+00
9.559589028358459473e-01
1.232114553451538086e+00
9.791314005851745605e-01
8.523235321044921875e-01
1.187813639640808105e+00
1.417996525764465332e+00
1.073723912239074707e+00
9.208452701568603516e-01
1.208856940269470215e+00
1.059265851974487305e+00
9.838925600051879883e-01
1.191332221031188965e+00
8.664671778678894043e-01
1.037234425544738770e+00
1.099698305130004883e+00
9.251101613044738770e-01
9.012112021446228027e-01
1.092751622200012207e+00
8.375997543334960938e-01
1.040505409240722656e+00
9.210873246192932129e-01
1.154397487640380859e+00
1.141509413719177246e+00
8.810254931449890137e-01
9.122044444084167480e-01
9.449993968009948730e-01
9.097326993942260742e-01
6.868026256561279297e-01
6.381134986877441406e-01
1.334886431694030762e+00
1.220557570457458496e+00
1.138379931449890137e+00
9.589015245437622070e-01
1.305557847023010254e+00
9.098346829414367676e-01
8.508310317993164062e-01
1.109392285346984863e+00
1.154954433441162109e+00
1.382076621055603027e+00
8.523677587509155273e-01
9.225520491600036621e-01
1.193841218948364258e+00
8.053373098373413086e-01
8.512580394744873047e-01
1.057496309280395508e+00
9.975571632385253906e-01
1.144876718521118164e+00
9.459168314933776855e-01
1.315734624862670898e+00
9.001703858375549316e-01
8.750948905944824219e-01
1.028728961944580078e+00
6.800130009651184082e-01
1.096605658531188965e+00
1.010950684547424316e+00
1.092272043228149414e+00
1.602824568748474121e+00
9.308674335479736328e-01
8.704550862312316895e-01
9.022869467735290527e-01
8.666693568229675293e-01
7.981005907058715820e-01
1.039174556732177734e+00
1.476096391677856445e+00
7.863637208938598633e-01
8.276611566543579102e-01
8.633128404617309570e-01
1.040201783180236816e+00
7.623059749603271484e-01
1.272784948348999023e+00
1.024897694587707520e+00
1.001671195030212402e+00
1.202659606933593750e+00
1.157117247581481934e+00
6.619173884391784668e-01
9.413654804229736328e-01
8.639350533485412598e-01
1.125519514083862305e+00
