3.993104025721549988e-02
-1.842629536986351013e-02
-1.809223795135039836e-05
-1.555246300995349884e-02
-8.583739399909973145e-03
-7.248039357364177704e-03
9.982780553400516510e-03
-7.759323925711214542e-04
2.360205538570880890e-02
-5.081076174974441528e-03
1.480922289192676544e-02
-1.603687554597854614e-02
1.757537573575973511e-02
3.764371946454048157e-02
2.586058899760246277e-02
1.869386807084083557e-02
-1.003615371882915497e-02
1.618139632046222687e-02
-5.872211884707212448e-03
1.575281843543052673e-02
-6.004670634865760803e-02
4.340925812721252441e-02
-6.250870414078235626e-03
-8.744328282773494720e-03
-2.102829329669475555e-02
3.506142646074295044e-02
2.800473757088184357e-02
-2.541811019182205200e-02
-9.884037077426910400e-03
-2.300779893994331360e-02
-1.977286674082279205e-02
2.862311434000730515e-03
-1.609478704631328583e-02
-1.105531398206949234e-02
-1.303892495343461633e-04
2.558571659028530121e-02
7.359147071838378906e-03
1.858510263264179230e-02
9.806292131543159485e-03
2.271673828363418579e-02
6.654852535575628281e-03
3.722774097695946693e-03
5.337314307689666748e-02
8.469259738922119141e-02
-2.514351857826113701e-03
1.627781079150736332e-03
-1.563817821443080902e-02
1.457668188959360123e-02
6.389025598764419556e-03
7.226945366710424423e-03
-1.281808782368898392e-02
-2.695898339152336121e-02
-2.312127687036991119e-02
-1.916454359889030457e-02
-1.127038500271737576e-03
-8.918653242290019989e-03
-1.735807023942470551e-02
-1.608062349259853363e-02
-2.163327997550368309e-03
-1.588665414601564407e-03
1.155213452875614166e-02
-2.341374382376670837e-02
1.437703985720872879e-02
-4.475320689380168915e-03
-3.461216390132904053e-02
2.890024147927761078e-02
-5.572294816374778748e-02
-4.089273884892463684e-02
7.940480858087539673e-02
2.058130688965320587e-02
2.531661093235015869e-02
4.693742841482162476e-02
3.089653560891747475e-03
-1.483189035207033157e-02
2.782265469431877136e-02
-1.795314438641071320e-02
5.336622707545757294e-03
1.295786723494529724e-02
-5.654662847518920898e-03
1.742591522634029388e-02
-2.259754203259944916e-02
1.699678041040897369e-02
-8.595229126513004303e-03
-4.692793637514114380e-02
3.066413290798664093e-02
2.366597019135951996e-02
4.921411629766225815e-03
9.408961050212383270e-03
-1.068395934998989105e-02
3.444379661232233047e-03
-1.300083100795745850e-01
2.820619940757751465e-02
-8.795277215540409088e-03
-7.069041021168231964e-03
-4.415731877088546753e-03
-6.536545604467391968e-02
2.459111809730529785e-02
4.823065921664237976e-02
3.229134483262896538e-03
4.279990866780281067e-02
6.313508376479148865e-03
-1.492027938365936279e-02
6.824752315878868103e-03
-7.748869713395833969e-03
-4.891473334282636642e-03
8.679168298840522766e-03
-1.598921418190002441e-02
6.724365986883640289e-03
4.760538227856159210e-03
2.366669476032257080e-02
5.098232999444007874e-02
2.554079983383417130e-04
-3.134082257747650146e-02
-1.037010550498962402e-02
4.919032566249370575e-03
7.667340803891420364e-03
4.445644561201334000e-03
1.553410664200782776e-02
-6.582516711205244064e-03
2.052717283368110657e-02
3.810556977987289429e-02
5.279058590531349182e-03
-1.444593165069818497e-02
-1.056942250579595566e-02
-1.175966681330464780e-04
-2.520679123699665070e-02
1.289974525570869446e-02
-1.579611003398895264e-02
1.843256643041968346e-03
3.644935041666030884e-02
-1.665176078677177429e-02
8.501032134518027306e-04
-2.874886058270931244e-02
-4.766811802983283997e-02
-1.205098628997802734e-02
1.643241383135318756e-02
3.146519418805837631e-03
2.175536565482616425e-02
7.368039339780807495e-03
-3.987796138972043991e-03
1.744104200042784214e-03
2.496614307165145874e-02
6.538768112659454346e-02
-9.602149017155170441e-03
-2.038937527686357498e-03
3.348330780863761902e-02
-1.135277375578880310e-02
-1.818489748984575272e-03
8.884690701961517334e-03
-4.957330413162708282e-03
-2.823408320546150208e-02
-1.141350436955690384e-02
2.928006462752819061e-02
1.639729738235473633e-02
-3.062678128480911255e-02
-4.185067955404520035e-03
1.841117814183235168e-02
8.789634332060813904e-03
-6.823272444307804108e-03
-5.126685369759798050e-03
-6.011420860886573792e-03
-2.909824484959244728e-03
9.945004247128963470e-03
2.841823734343051910e-03
3.951195254921913147e-02
-4.877547267824411392e-03
-2.425683476030826569e-02
2.890782244503498077e-02
2.493382990360260010e-02
-1.283229328691959381e-02
-1.778689038474112749e-04
2.782466076314449310e-02
1.087519456632435322e-03
1.761833578348159790e-02
-2.024874556809663773e-03
-5.523795727640390396e-03
9.899878874421119690e-03
-1.467259880155324936e-02
3.927446086890995502e-04
4.081019386649131775e-02
1.810439676046371460e-02
-1.893813163042068481e-02
1.608022674918174744e-02
-3.021717630326747894e-02
-4.121270962059497833e-03
-4.032919183373451233e-02
-3.196156024932861328e-02
4.928128421306610107e-02
2.725875936448574066e-02
-6.380198057740926743e-03
-1.092380750924348831e-02
1.672313921153545380e-02
4.402056802064180374e-03
9.250489063560962677e-03
2.134381048381328583e-02
3.186996653676033020e-02
-2.583510056138038635e-02
-3.436721861362457275e-02
1.010910328477621078e-02
4.519653320312500000e-02
-4.175486788153648376e-02
-1.335544232279062271e-02
1.759896054863929749e-02
2.327804453670978546e-02
1.743321889080107212e-03
3.213355550542473793e-03
-3.070198372006416321e-02
-3.105377219617366791e-02
-1.226902706548571587e-03
-5.387074779719114304e-03
8.004602044820785522e-03
9.102592244744300842e-03
-8.909130468964576721e-03
2.868063747882843018e-02
-3.198211640119552612e-02
1.523577328771352768e-02
6.533008534461259842e-03
1.143577136099338531e-02
6.748877000063657761e-03
1.538885105401277542e-02
-1.891660504043102264e-02
-1.637219265103340149e-02
1.469629071652889252e-02
2.542548754718154669e-04
-1.055625546723604202e-02
-7.654404616914689541e-04
-2.538593253120779991e-03
-1.783942431211471558e-02
-6.824303884059190750e-03
3.607259690761566162e-02
-1.209639385342597961e-02
-8.851133286952972412e-03
-3.924565762281417847e-02
-3.183880820870399475e-02
-3.949566185474395752e-02
2.005980722606182098e-02
-5.318502429872751236e-03
-5.306844133883714676e-03
-4.564676433801651001e-03
5.554173514246940613e-02
1.382765024900436401e-01
3.911763057112693787e-02
1.919920556247234344e-02
1.747171394526958466e-02
-9.228548035025596619e-03
3.171288594603538513e-02
1.110542379319667816e-02
-1.421314571052789688e-02
3.616992011666297913e-02
1.698647253215312958e-02
-2.117063663899898529e-02
-1.224938780069351196e-02
3.502006875351071358e-03
-1.179287862032651901e-02
-1.199592719785869122e-03
-2.687868103384971619e-02
-8.215584605932235718e-02
5.169662181288003922e-03
1.136219501495361328e-02
-1.653164625167846680e-02
9.255674667656421661e-03
3.359170630574226379e-02
5.008276086300611496e-03
-2.910496667027473450e-02
-2.509322017431259155e-02
2.151067554950714111e-02
5.433177109807729721e-03
-2.952101454138755798e-02
2.197394892573356628e-02
-1.809612847864627838e-02
-1.084317546337842941e-02
-1.337773818522691727e-02
-8.321143686771392822e-02
-3.931329399347305298e-02
2.161886543035507202e-02
-6.455879658460617065e-03
-3.828176995739340782e-03
-2.246224321424961090e-02
1.818257570266723633e-02
-1.832437515258789062e-02
1.724842563271522522e-02
7.312150206416845322e-03
-2.729743160307407379e-02
2.471510134637355804e-02
6.811895221471786499e-02
-1.834799163043498993e-02
-1.004853844642639160e-02
-2.555622160434722900e-02
-1.231113076210021973e-02
2.845197683200240135e-03
4.891775548458099365e-02
-1.071711257100105286e-02
-3.054729476571083069e-02
-2.041300386190414429e-02
3.074910491704940796e-02
1.662054471671581268e-02
-5.119509994983673096e-02
1.001091152429580688e-01
1.189151778817176819e-02
-2.384167537093162537e-02
2.623850665986537933e-02
7.965423166751861572e-03
-1.410159096121788025e-02
3.131191805005073547e-02
1.276131719350814819e-02
-2.124395687133073807e-04
-2.397211827337741852e-02
1.569775678217411041e-02
1.078141201287508011e-02
1.010396331548690796e-02
1.868661120533943176e-02
3.309246525168418884e-02
-7.110031321644783020e-03
6.028389930725097656e-02
9.517167694866657257e-03
6.655779480934143066e-02
-1.726949587464332581e-03
1.020992323756217957e-01
2.779476577416062355e-03
-1.867980696260929108e-02
2.711075544357299805e-02
1.348626427352428436e-02
-3.022707253694534302e-02
-1.341306604444980621e-02
4.196326248347759247e-03
2.488083206117153168e-03
-4.791894927620887756e-02
1.281576231122016907e-02
1.731211505830287933e-02
-1.403123885393142700e-02
-1.012170780450105667e-02
-1.289765443652868271e-02
1.790352165699005127e-02
1.285471022129058838e-03
1.138507016003131866e-02
4.785719513893127441e-02
-7.508951821364462376e-04
-4.001790657639503479e-03
-1.675003021955490112e-02
-1.548246946185827255e-02
-8.595974184572696686e-03
-2.341477572917938232e-02
-2.689477987587451935e-03
2.602801844477653503e-02
-2.422665245831012726e-03
4.339337814599275589e-03
1.829431951045989990e-02
-3.089179750531911850e-03
-5.287823453545570374e-02
1.745257154107093811e-02
-1.321963220834732056e-02
-5.500801280140876770e-02
-7.805554196238517761e-04
1.219623256474733353e-02
-1.269724220037460327e-02
-2.988493628799915314e-02
1.742511428892612457e-02
-5.093691870570182800e-03
2.439489029347896576e-02
1.857953704893589020e-02
-1.040090247988700867e-02
-5.223549436777830124e-03
-6.466688122600317001e-03
5.031679756939411163e-03
4.016684833914041519e-03
-9.298929944634437561e-03
7.003857195377349854e-02
-4.650321207009255886e-04
4.790590610355138779e-03
-4.505190998315811157e-03
-6.681075319647789001e-03
1.146916765719652176e-02
-8.435521274805068970e-02
-2.307449094951152802e-02
3.367358818650245667e-03
2.927847206592559814e-03
8.580523543059825897e-03
-5.667145829647779465e-03
1.596241593360900879e-01
4.753730259835720062e-03
-9.057657793164253235e-03
-2.550410479307174683e-02
7.769507821649312973e-03
-6.375156808644533157e-03
-2.211128175258636475e-02
6.000486901029944420e-04
3.766940534114837646e-02
5.194556433707475662e-03
5.431917961686849594e-03
-4.173173219896852970e-04
8.086981251835823059e-04
1.915981248021125793e-02
1.041134260594844818e-02
-1.872436329722404480e-02
-6.797043234109878540e-02
-5.312460660934448242e-02
-2.961541339755058289e-02
-3.435387462377548218e-02
-9.195105172693729401e-03
1.069524139165878296e-02
1.078763697296380997e-02
-3.653055801987648010e-02
2.165454998612403870e-02
-5.527373868972063065e-03
-3.167047107126563787e-04
-1.309776911512017250e-03
-1.279822550714015961e-03
3.958934545516967773e-02
-1.715258578769862652e-03
-2.191484905779361725e-02
5.065191164612770081e-02
1.899470016360282898e-02
-4.553926642984151840e-03
5.101951211690902710e-02
-2.367634326219558716e-02
-4.344864562153816223e-02
2.776398556306958199e-03
1.204548496752977371e-02
-1.909485459327697754e-02
4.510189220309257507e-02
-5.763062834739685059e-02
6.240428239107131958e-02
-2.172240987420082092e-02
2.099864184856414795e-02
-6.061999592930078506e-03
3.917131572961807251e-02
3.114556893706321716e-03
-3.761488944292068481e-02
-1.469727884978055954e-02
-1.536972075700759888e-02
-3.759955987334251404e-02
2.572909183800220490e-02
-1.281117741018533707e-02
2.541810460388660431e-02
-7.268545683473348618e-03
1.164878718554973602e-02
-7.005847524851560593e-03
-2.505747042596340179e-02
4.482030402868986130e-03
-8.988717570900917053e-03
2.204415947198867798e-02
-4.519277252256870270e-03
2.577936649322509766e-02
-5.339871346950531006e-02
-2.019033767282962799e-02
7.543103769421577454e-03
-2.548576146364212036e-02
-1.421358902007341385e-02
-6.023798603564500809e-03
2.343859151005744934e-02
7.360248826444149017e-03
9.248142130672931671e-03
8.194916881620883942e-03
4.283737763762474060e-02
2.622646093368530273e-02
4.401105456054210663e-03
-5.444609094411134720e-03
2.061354182660579681e-02
-7.835594005882740021e-03
7.152501493692398071e-03
6.561876833438873291e-02
1.096010114997625351e-02
3.541842335835099220e-03
2.635979466140270233e-02
2.819605357944965363e-02
-7.633483968675136566e-03
4.718948039226233959e-04
-1.123028434813022614e-02
7.831735536456108093e-03
-7.645691744983196259e-03
-1.563089154660701752e-02
-2.227034792304039001e-02
-3.958099335432052612e-02
-4.591869190335273743e-03
-2.157103084027767181e-02
-5.790822207927703857e-03
1.334806066006422043e-02
1.017776038497686386e-02
-9.657102054916322231e-04
-1.351750921458005905e-03
5.204726941883563995e-03
1.970983855426311493e-02
2.534292265772819519e-02
-5.756818223744630814e-03
-3.758675232529640198e-02
-9.202694520354270935e-03
-7.964521646499633789e-03
-4.578078631311655045e-03
1.635659672319889069e-02
1.100414711982011795e-02
-1.084111514501273632e-03
2.927285060286521912e-02
1.802620477974414825e-02
2.152698300778865814e-02
-5.875739268958568573e-03
-2.005996368825435638e-02
-5.408634897321462631e-03
-8.073214441537857056e-03
2.356201596558094025e-02
1.152253057807683945e-02
5.697195976972579956e-02
2.237071655690670013e-02
-1.468204334378242493e-02
3.864130377769470215e-02
-1.079447660595178604e-02
3.719783574342727661e-02
-1.426589768379926682e-02
-6.669638212770223618e-03
2.315091714262962341e-02
9.346673637628555298e-02
2.238630782812833786e-03
-1.846814644522964954e-03
8.265261538326740265e-03
7.547179702669382095e-03
-1.057926472276449203e-02
-3.145084902644157410e-02
1.268320018425583839e-03
3.424297645688056946e-02
-4.066976718604564667e-03
1.904184371232986450e-02
-6.361806299537420273e-03
-4.133111238479614258e-02
3.375111147761344910e-03
1.892020553350448608e-02
-1.968999020755290985e-02
4.512806609272956848e-02
4.524267837405204773e-02
-1.675433851778507233e-02
-5.303662735968828201e-03
1.634358987212181091e-02
-2.701595425605773926e-03
1.287321653217077255e-02
-7.987405173480510712e-03
-3.292642906308174133e-02
-5.296981893479824066e-03
4.301707074046134949e-02
3.052389435470104218e-02
1.345231104642152786e-02
6.575046572834253311e-03
1.016495842486619949e-02
4.830630496144294739e-03
9.059443138539791107e-03
6.996799726039171219e-03
3.227418521419167519e-03
-9.091081097722053528e-03
-1.949413865804672241e-02
-1.530791912227869034e-02
-5.334867164492607117e-02
1.577152311801910400e-02
5.781515687704086304e-02
2.177288383245468140e-02
1.401504687964916229e-02
1.350775826722383499e-02
-1.627581380307674408e-02
-1.828869618475437164e-02
-3.804425522685050964e-02
-9.075479581952095032e-03
1.035731006413698196e-02
6.420056801289319992e-03
1.522384956479072571e-02
5.915934685617685318e-03
1.746260933578014374e-02
-3.931787982583045959e-02
1.034365501254796982e-02
-2.008989825844764709e-02
-2.265131101012229919e-02
5.438492167741060257e-03
-8.080007880926132202e-02
1.635486073791980743e-02
1.500834710896015167e-03
3.260664176195859909e-03
-2.606044756248593330e-03
-1.044434495270252228e-02
1.776877604424953461e-02
-4.836263135075569153e-02
3.441436588764190674e-02
-9.507485665380954742e-03
2.297667320817708969e-03
4.943857784382998943e-04
3.565606893971562386e-03
-2.003816701471805573e-02
-8.492434397339820862e-03
-8.838137611746788025e-03
1.411707140505313873e-02
3.727429360151290894e-02
-1.268549263477325439e-02
6.386766472132876515e-05
-4.984956979751586914e-02
3.832391649484634399e-02
-4.285603761672973633e-02
1.253818068653345108e-02
-1.080066664144396782e-03
1.393050653859972954e-03
-4.191915038973093033e-03
-2.636242285370826721e-02
2.578282542526721954e-02
-4.347341600805521011e-03
4.487188532948493958e-03
-2.112564258277416229e-02
-1.339706592261791229e-03
2.020368911325931549e-02
7.676610257476568222e-03
-8.535938337445259094e-03
-3.319040406495332718e-03
-2.105069812387228012e-03
1.282187178730964661e-02
3.804520145058631897e-02
6.300549954175949097e-03
1.144845969974994659e-02
1.739679253660142422e-03
2.123283781111240387e-02
1.399369211867451668e-03
3.030388802289962769e-02
4.228970501571893692e-03
-4.515505395829677582e-03
-9.830329800024628639e-04
7.433066610246896744e-03
-7.380311377346515656e-03
9.062055498361587524e-03
-9.212229400873184204e-03
-3.177428245544433594e-02
2.608070895075798035e-02
-7.920545525848865509e-03
-3.106401301920413971e-02
-6.835149251855909824e-04
-6.297779618762433529e-04
-1.488219294697046280e-02
1.921595633029937744e-02
5.353143438696861267e-03
-5.022846162319183350e-03
-1.190896630287170410e-01
3.366611897945404053e-02
-3.298748051747679710e-03
2.594706788659095764e-02
-5.905304104089736938e-03
-1.505365967750549316e-02
-2.835508622229099274e-02
-8.908619056455790997e-04
-2.701443806290626526e-02
2.308310195803642273e-02
-5.291720386594533920e-03
-1.055099535733461380e-02
-7.234623655676841736e-03
9.470598772168159485e-03
-4.269016499165445566e-04
2.534347027540206909e-02
3.329771803691983223e-03
-3.390546515583992004e-02
3.823860362172126770e-02
-6.839741952717304230e-03
-2.201158180832862854e-02
-1.014461182057857513e-02
-2.517610229551792145e-02
1.336307451128959656e-02
4.529731720685958862e-02
3.080278402194380760e-03
3.128124400973320007e-03
-3.631623229011893272e-03
-3.617908339947462082e-03
-4.697244614362716675e-03
1.599313877522945404e-02
-2.377635799348354340e-03
-7.589655462652444839e-03
5.298695992678403854e-03
3.508220892399549484e-03
-2.300572348758578300e-03
-5.666241515427827835e-03
-1.523290388286113739e-02
5.365179851651191711e-02
3.622170537710189819e-03
-3.674661042168736458e-03
-1.566912105772644281e-04
2.772225067019462585e-03
3.461633622646331787e-02
9.249510243535041809e-03
3.704495728015899658e-02
3.678053990006446838e-02
8.921062573790550232e-03
-2.193534933030605316e-02
6.520254071801900864e-03
1.220048870891332626e-02
-5.311946384608745575e-03
-4.896809160709381104e-02
6.889809854328632355e-03
1.192632224410772324e-02
-5.863368976861238480e-03
-1.718714088201522827e-02
3.388466686010360718e-02
2.815374638885259628e-03
-1.717038638889789581e-02
6.299157161265611649e-03
-8.283751085400581360e-03
-3.377620130777359009e-02
-2.272316440939903259e-02
3.516506636515259743e-03
1.679968670941889286e-03
1.819810084998607635e-02
-1.799288019537925720e-02
7.570463698357343674e-03
3.092735074460506439e-02
2.485103532671928406e-02
-5.518925376236438751e-03
2.195945940911769867e-02
2.132514677941799164e-02
2.382997609674930573e-02
-3.951435908675193787e-02
1.976966485381126404e-02
8.109533227980136871e-03
-4.443679377436637878e-02
-3.206166205927729607e-03
4.673771560192108154e-03
-5.533719435334205627e-02
-1.825369894504547119e-02
3.275539353489875793e-02
-7.699986454099416733e-03
-2.028453163802623749e-02
4.174720961600542068e-03
2.495933510363101959e-02
-1.944402977824211121e-02
4.829174722544848919e-04
4.041190724819898605e-03
2.256404608488082886e-02
-7.453155238181352615e-03
-2.518609352409839630e-02
-5.562132224440574646e-02
1.818073727190494537e-02
3.976162523031234741e-03
-4.015152528882026672e-02
-3.366325050592422485e-02
2.309343311935663223e-03
-9.123483672738075256e-03
-7.505748886615037918e-03
-4.258648306131362915e-02
-8.253428153693675995e-03
-7.894928567111492157e-03
-3.035730123519897461e-02
-1.700676977634429932e-02
-2.467568265274167061e-03
-6.699063349515199661e-03
-2.562941052019596100e-02
1.561440154910087585e-02
-1.328799314796924591e-02
5.349468812346458435e-02
5.131907295435667038e-03
-1.640325039625167847e-02
7.766976486891508102e-03
3.176630660891532898e-02
3.142708912491798401e-03
-1.981080044060945511e-03
2.100503304973244667e-03
2.729494869709014893e-02
-1.240158267319202423e-02
-1.149655692279338837e-02
-2.955035306513309479e-03
2.238987712189555168e-03
-9.253804571926593781e-03
-1.875098561868071556e-03
7.632265798747539520e-03
1.718540862202644348e-02
-1.337148994207382202e-02
2.623812854290008545e-02
-6.420729216188192368e-03
-1.521869655698537827e-02
-2.473012357950210571e-02
2.096790075302124023e-02
2.182356081902980804e-02
-4.539336543530225754e-03
1.017969381064176559e-02
3.517876320984214544e-04
-1.228092797100543976e-02
-1.265506446361541748e-02
3.001992404460906982e-02
-2.479221438989043236e-03
1.688743196427822113e-02
2.004166506230831146e-02
-5.376819521188735962e-03
8.425916545093059540e-03
1.186839304864406586e-02
-2.799952402710914612e-02
-2.999215200543403625e-02
7.572286762297153473e-03
-1.328273955732584000e-02
-1.733803749084472656e-02
-6.595475133508443832e-03
2.947821095585823059e-02
8.290414698421955109e-03
-1.651621796190738678e-02
-5.135492421686649323e-03
-1.095038000494241714e-02
7.021701894700527191e-03
3.006683103740215302e-02
-4.042836837470531464e-03
1.242505293339490891e-02
-3.529605269432067871e-02
1.847969554364681244e-02
-2.831077948212623596e-02
-2.883740514516830444e-02
7.277296856045722961e-03
7.769194245338439941e-02
-1.141956914216279984e-02
-6.294571608304977417e-02
-1.701981760561466217e-02
-8.874175138771533966e-03
2.442401275038719177e-02
1.891620107926428318e-03
1.863786135800182819e-03
2.946404367685317993e-02
5.111487582325935364e-02
-5.667922273278236389e-02
-2.429408021271228790e-03
3.154414519667625427e-02
9.620347991585731506e-03
-4.159264266490936279e-02
-1.055916212499141693e-02
1.786949299275875092e-02
-2.654008939862251282e-02
-1.845367997884750366e-02
-4.077709745615720749e-03
-5.666205659508705139e-03
-1.430133823305368423e-02
1.436525210738182068e-02
-1.376617583446204662e-04
3.203280968591570854e-03
3.654783125966787338e-03
-2.188213169574737549e-03
5.582613870501518250e-03
-1.482622046023607254e-02
4.990394040942192078e-02
-4.221475217491388321e-03
-2.011058293282985687e-02
-5.280629731714725494e-03
4.861517809331417084e-03
-1.693445071578025818e-02
7.449978031218051910e-03
1.009669271297752857e-03
5.152432247996330261e-03
1.245110295712947845e-02
-2.760333241894841194e-03
-3.734457865357398987e-02
7.645040284842252731e-03
-1.458403654396533966e-02
-1.439029350876808167e-02
9.031382389366626740e-03
-4.919741768389940262e-03
-5.216453969478607178e-02
1.036071032285690308e-02
2.470863983035087585e-03
2.801099978387355804e-02
-9.903676807880401611e-03
-1.064300630241632462e-02
3.808863111771643162e-04
3.162617236375808716e-02
9.879608638584613800e-03
-1.532913884148001671e-03
-2.762902528047561646e-02
-6.373405922204256058e-03
1.477858237922191620e-02
-1.248269621282815933e-02
2.446667850017547607e-02
-2.431116625666618347e-02
1.564070768654346466e-02
1.479160040616989136e-02
-1.699768006801605225e-02
9.186212904751300812e-03
-3.155218437314033508e-02
1.992151327431201935e-02
6.964739877730607986e-03
-6.468870677053928375e-03
8.352007716894149780e-03
4.737813957035541534e-03
-9.373537264764308929e-03
-2.547165192663669586e-02
6.228637881577014923e-03
4.962783306837081909e-02
6.767568737268447876e-02
-1.139398664236068726e-02
-5.983677692711353302e-03
-1.631197892129421234e-02
7.658811286091804504e-03
-4.096926189959049225e-03
-5.405579134821891785e-02
1.926396973431110382e-02
3.829154744744300842e-02
-7.330857217311859131e-02
2.559493668377399445e-02
-9.845325257629156113e-04
3.273694589734077454e-02
-7.636560592800378799e-03
-1.628753356635570526e-02
1.450564886908978224e-04
2.697787247598171234e-02
-1.772313937544822693e-02
5.622551217675209045e-02
9.483651374466717243e-04
-7.092131301760673523e-03
-3.801864758133888245e-02
3.505169227719306946e-02
9.975238703191280365e-03
1.993753947317600250e-02
-1.927909813821315765e-02
8.050106116570532322e-04
7.068622857332229614e-03
1.157760620117187500e-02
-7.905953563749790192e-03
2.379768528044223785e-02
-2.146307937800884247e-02
2.905626781284809113e-02
1.815150678157806396e-02
-2.268489263951778412e-02
1.272801868617534637e-02
6.200719159096479416e-03
7.366852369159460068e-03
2.076645195484161377e-02
3.826235979795455933e-02
-1.656143809668719769e-03
1.202600833494216204e-04
2.724660001695156097e-02
1.296696253120899200e-03
-6.950961891561746597e-03
-2.626870060339570045e-03
-5.506454966962337494e-03
-1.400693878531455994e-02
2.307906188070774078e-02
-9.759875014424324036e-03
-7.883906364440917969e-03
-1.552923955023288727e-02
-6.098264828324317932e-02
5.365534871816635132e-02
-2.441093884408473969e-02
-1.622163876891136169e-02
-2.342793531715869904e-02
4.467639606446027756e-03
2.282457053661346436e-02
-5.386428162455558777e-02
1.281425636261701584e-02
1.739461347460746765e-02
-1.810436253435909748e-03
2.096797153353691101e-02
2.075467724353075027e-03
-8.333657868206501007e-03
6.201498326845467091e-04
2.212481107562780380e-03
2.872417680919170380e-02
3.736388636752963066e-03
-4.800351802259683609e-03
-2.590826712548732758e-02
-2.250383421778678894e-02
-4.705341532826423645e-03
-1.715138182044029236e-02
2.169113978743553162e-02
1.954956352710723877e-02
-3.640993498265743256e-03
-3.929983451962471008e-02
4.416957125067710876e-02
1.187610439956188202e-02
1.532188616693019867e-02
2.706929482519626617e-02
4.162704572081565857e-02
1.723696850240230560e-02
-2.093023620545864105e-02
-4.441713448613882065e-03
6.134975701570510864e-02
-1.318542100489139557e-02
-2.770775929093360901e-03
-1.283849123865365982e-03
-1.365964300930500031e-03
1.209175121039152145e-02
2.323390071978792548e-04
-1.430619880557060242e-02
-1.615794259123504162e-03
3.045489080250263214e-02
1.821258850395679474e-02
-8.957168087363243103e-03
1.284041162580251694e-02
6.232910323888063431e-03
4.738128930330276489e-02
-7.930338382720947266e-02
-6.565059721469879150e-02
-6.293738260865211487e-05
-4.025612398982048035e-02
6.804899778217077255e-03
-5.061483755707740784e-02
-6.351985782384872437e-02
-1.633123122155666351e-02
-3.739719465374946594e-02
4.102430120110511780e-02
1.676798798143863678e-02
1.483746245503425598e-02
5.922010750509798527e-04
-2.232078462839126587e-02
4.408700391650199890e-02
1.960502937436103821e-03
4.904261324554681778e-03
-1.931171305477619171e-02
1.685006730258464813e-02
3.709845617413520813e-02
-2.200569724664092064e-03
-2.561482228338718414e-02
3.346158936619758606e-02
3.107046149671077728e-02
