1.747671747580170631e-03
0.000000000000000000e+00
1.706564216874539852e-03
0.000000000000000000e+00
0.000000000000000000e+00
1.990603515878319740e-03
0.000000000000000000e+00
1.706261420622467995e-03
1.986689399927854538e-03
0.000000000000000000e+00
0.000000000000000000e+00
9.699508664198219776e-04
1.125035691075026989e-03
7.403768133372068405e-03
5.122277420014142990e-03
0.000000000000000000e+00
2.909263828769326210e-03
0.000000000000000000e+00
1.090662786737084389e-03
0.000000000000000000e+00
1.117515610530972481e-03
0.000000000000000000e+00
0.000000000000000000e+00
9.197731269523501396e-04
0.000000000000000000e+00
6.374794756993651390e-04
6.389242131263017654e-03
5.880090873688459396e-03
8.653131662867963314e-04
1.603240263648331165e-03
9.339844109490513802e-04
1.639869296923279762e-04
8.735603187233209610e-04
1.699227839708328247e-03
0.000000000000000000e+00
0.000000000000000000e+00
0.000000000000000000e+00
0.000000000000000000e+00
0.000000000000000000e+00
1.040072995238006115e-03
1.348165911622345448e-03
2.836988540366292000e-03
2.799022942781448364e-03
1.562033896334469318e-03
2.131563378497958183e-03
3.165236907079815865e-03
4.917626269161701202e-03
5.999583518132567406e-04
1.084388233721256256e-03
4.621325526386499405e-03
6.744657875970005989e-04
1.640337519347667694e-03
4.152649547904729843e-03
0.000000000000000000e+00
2.552484627813100815e-03
0.000000000000000000e+00
2.957018325105309486e-03
1.294087618589401245e-03
4.150656517595052719e-03
0.000000000000000000e+00
5.801899242214858532e-04
0.000000000000000000e+00
2.733842935413122177e-03
0.000000000000000000e+00
9.875431656837463379e-03
1.376198255456984043e-03
1.776276185410097241e-04
2.325112931430339813e-03
1.478826045058667660e-03
1.879252027720212936e-03
1.128003816120326519e-03
0.000000000000000000e+00
0.000000000000000000e+00
0.000000000000000000e+00
0.000000000000000000e+00
0.000000000000000000e+00
0.000000000000000000e+00
0.000000000000000000e+00
7.102272356860339642e-04
3.354344982653856277e-03
1.195850898511707783e-03
0.000000000000000000e+00
1.702427049167454243e-03
6.957427831366658211e-04
0.000000000000000000e+00
0.000000000000000000e+00
3.522251266986131668e-03
0.000000000000000000e+00
2.715881913900375366e-03
1.622169977053999901e-03
1.429384457878768444e-03
0.000000000000000000e+00
1.039565773680806160e-03
0.000000000000000000e+00
0.000000000000000000e+00
2.722406061366200447e-03
3.375396598130464554e-03
1.020973315462470055e-03
4.063027910888195038e-03
9.415330714546144009e-04
2.255711006000638008e-03
6.753747002221643925e-04
0.000000000000000000e+00
0.000000000000000000e+00
1.561128883622586727e-03
3.483894746750593185e-03
1.135829021222889423e-03
1.191381132230162621e-03
2.673577750101685524e-03
0.000000000000000000e+00
2.205265918746590614e-03
0.000000000000000000e+00
2.160774311050772667e-03
4.540673457086086273e-03
0.000000000000000000e+00
1.477406709454953671e-03
0.000000000000000000e+00
2.672421280294656754e-03
0.000000000000000000e+00
7.838076562620699406e-04
0.000000000000000000e+00
0.000000000000000000e+00
0.000000000000000000e+00
4.928387352265417576e-04
6.789140170440077782e-04
0.000000000000000000e+00
2.109050052240490913e-03
0.000000000000000000e+00
0.000000000000000000e+00
1.922699157148599625e-03
3.419480519369244576e-03
1.557529089041054249e-03
0.000000000000000000e+00
1.134715857915580273e-03
4.998563090339303017e-04
2.658096840605139732e-03
1.923386822454631329e-03
0.000000000000000000e+00
0.000000000000000000e+00
8.349547861143946648e-04
3.182899206876754761e-03
1.565573387779295444e-03
3.487580455839633942e-03
0.000000000000000000e+00
0.000000000000000000e+00
6.396396784111857414e-04
1.205725711770355701e-03
1.546739600598812103e-03
7.707350887358188629e-04
1.783989719115197659e-03
2.506767865270376205e-03
2.146677579730749130e-03
0.000000000000000000e+00
1.459638471715152264e-03
1.267897314392030239e-03
1.338205300271511078e-03
2.401293721050024033e-03
0.000000000000000000e+00
0.000000000000000000e+00
0.000000000000000000e+00
0.000000000000000000e+00
0.000000000000000000e+00
1.254367292858660221e-03
9.622322977520525455e-05
6.124120554886758327e-04
1.493381569162011147e-03
6.169443950057029724e-04
2.950963564217090607e-03
0.000000000000000000e+00
0.000000000000000000e+00
9.557215962558984756e-04
2.606188878417015076e-03
2.469484927132725716e-03
2.335552358999848366e-03
5.802613450214266777e-04
0.000000000000000000e+00
0.000000000000000000e+00
2.998469164595007896e-03
8.912767283618450165e-03
7.239917758852243423e-03
1.078878762200474739e-03
2.399759832769632339e-03
2.024378627538681030e-03
2.124668564647436142e-03
6.731704925186932087e-04
0.000000000000000000e+00
0.000000000000000000e+00
1.064462005160748959e-03
1.127657201141119003e-02
0.000000000000000000e+00
1.520441961474716663e-03
1.042187330313026905e-03
7.201561238616704941e-04
0.000000000000000000e+00
1.029174192808568478e-03
1.364923547953367233e-03
8.156551048159599304e-04
0.000000000000000000e+00
0.000000000000000000e+00
6.370746996253728867e-03
4.247146192938089371e-03
3.072929102927446365e-03
6.251247832551598549e-04
0.000000000000000000e+00
0.000000000000000000e+00
0.000000000000000000e+00
1.634109416045248508e-03
1.794677693396806717e-03
2.097378950566053391e-03
2.490207320079207420e-03
6.132960319519042969e-03
1.031285268254578114e-03
1.272935071028769016e-03
1.796856988221406937e-03
0.000000000000000000e+00
0.000000000000000000e+00
1.459252205677330494e-03
2.480186522006988525e-03
4.537074360996484756e-03
2.686012769117951393e-03
1.045292243361473083e-03
1.843929523602128029e-03
8.067226968705654144e-03
6.609575939364731312e-04
2.311046235263347626e-03
1.673423335887491703e-03
7.288255146704614162e-04
8.454945636913180351e-04
0.000000000000000000e+00
1.696653314866125584e-03
1.234928728081285954e-03
1.030854298733174801e-03
2.299227984622120857e-03
0.000000000000000000e+00
3.543436294421553612e-03
6.866412004455924034e-04
4.270846955478191376e-03
5.048420862294733524e-04
1.171242631971836090e-02
3.373185463715344667e-04
6.404733867384493351e-04
2.468697959557175636e-03
1.213427050970494747e-03
0.000000000000000000e+00
0.000000000000000000e+00
4.281314555555582047e-03
9.542143088765442371e-04
2.587507246062159538e-03
6.685905973426997662e-04
0.000000000000000000e+00
0.000000000000000000e+00
0.000000000000000000e+00
5.898738745599985123e-04
0.000000000000000000e+00
2.120020799338817596e-03
1.062002615071833134e-03
1.421878347173333168e-03
1.250591012649238110e-03
1.821381738409399986e-03
0.000000000000000000e+00
1.822241698391735554e-03
0.000000000000000000e+00
4.484938457608222961e-03
3.397435648366808891e-03
3.304882440716028214e-03
5.810984876006841660e-04
0.000000000000000000e+00
0.000000000000000000e+00
1.334716798737645149e-03
0.000000000000000000e+00
4.806338110938668251e-04
3.962252754718065262e-03
0.000000000000000000e+00
6.944722263142466545e-04
0.000000000000000000e+00
2.577923703938722610e-03
0.000000000000000000e+00
9.666591649875044823e-04
6.933514378033578396e-04
2.223621122539043427e-03
0.000000000000000000e+00
2.535674721002578735e-03
9.469390497542917728e-04
0.000000000000000000e+00
0.000000000000000000e+00
2.639053127495571971e-05
7.621398661285638809e-03
7.324313628487288952e-04
5.083311698399484158e-04
0.000000000000000000e+00
2.500847680494189262e-03
0.000000000000000000e+00
3.772625466808676720e-03
1.484493375755846500e-03
2.301884582266211510e-03
1.518995501101016998e-03
4.583888221532106400e-03
1.604337710887193680e-03
2.375012263655662537e-03
3.133978229016065598e-03
9.412989602424204350e-04
3.502862993627786636e-03
2.352988347411155701e-03
1.242149621248245239e-03
2.913143718615174294e-03
4.069339018315076828e-03
0.000000000000000000e+00
3.030465682968497276e-03
0.000000000000000000e+00
3.205485176295042038e-03
3.238280070945620537e-03
2.293052850291132927e-03
7.107286946848034859e-04
0.000000000000000000e+00
1.105589210055768490e-03
1.305272337049245834e-03
0.000000000000000000e+00
2.787400735542178154e-03
2.164194127544760704e-03
1.106542069464921951e-03
2.197717782109975815e-03
1.365630421787500381e-03
5.258442251943051815e-04
0.000000000000000000e+00
0.000000000000000000e+00
0.000000000000000000e+00
0.000000000000000000e+00
0.000000000000000000e+00
1.879187999293208122e-03
1.428313436917960644e-03
0.000000000000000000e+00
2.700542332604527473e-03
0.000000000000000000e+00
1.170090050436556339e-03
1.464953063987195492e-03
3.922592382878065109e-03
1.257327036000788212e-03
0.000000000000000000e+00
3.492394927889108658e-03
0.000000000000000000e+00
6.293781101703643799e-03
1.080010988516733050e-04
1.570504973642528057e-03
1.017010770738124847e-03
0.000000000000000000e+00
8.233685512095689774e-04
3.173606004565954208e-03
1.891654217615723610e-03
1.173430471681058407e-03
7.981791859492659569e-04
2.006706316024065018e-03
2.162082353606820107e-03
1.113056670874357224e-03
2.578610787168145180e-03
0.000000000000000000e+00
1.261565135791897774e-03
6.813051877543330193e-04
1.932017505168914795e-03
1.728073460981249809e-03
1.642447314225137234e-03
5.227463552728295326e-04
0.000000000000000000e+00
0.000000000000000000e+00
3.603594144806265831e-03
1.814599847421050072e-03
2.740662079304456711e-03
5.784782697446644306e-04
1.995618920773267746e-03
2.110198605805635452e-03
1.348909805528819561e-03
1.463168766349554062e-03
5.726250354200601578e-03
0.000000000000000000e+00
0.000000000000000000e+00
3.573839552700519562e-03
2.198514062911272049e-03
8.419283549301326275e-04
1.082608941942453384e-03
0.000000000000000000e+00
1.213258015923202038e-03
1.021619536913931370e-03
1.401832443661987782e-03
3.286519553512334824e-03
3.971316851675510406e-03
1.153834629803895950e-03
0.000000000000000000e+00
0.000000000000000000e+00
1.641130191273987293e-03
0.000000000000000000e+00
0.000000000000000000e+00
1.701181754469871521e-03
1.795632648281753063e-03
1.116943662054836750e-03
0.000000000000000000e+00
0.000000000000000000e+00
0.000000000000000000e+00
1.630414742976427078e-03
0.000000000000000000e+00
6.087868823669850826e-04
6.324854679405689240e-03
8.839693618938326836e-04
8.846089243888854980e-03
1.133688609115779400e-03
7.217155070975422859e-04
0.000000000000000000e+00
2.287987619638442993e-03
1.073739840649068356e-03
1.669044722802937031e-03
1.678114174865186214e-03
1.268910244107246399e-03
1.541509642265737057e-03
7.763340836390852928e-04
7.062239572405815125e-03
0.000000000000000000e+00
0.000000000000000000e+00
0.000000000000000000e+00
0.000000000000000000e+00
0.000000000000000000e+00
4.322583321481943130e-03
8.341578068211674690e-04
0.000000000000000000e+00
7.887721294537186623e-04
0.000000000000000000e+00
0.000000000000000000e+00
0.000000000000000000e+00
2.914990065619349480e-03
3.446848830208182335e-03
8.193295798264443874e-04
3.439768915995955467e-03
1.551244058646261692e-03
0.000000000000000000e+00
4.164632118772715330e-04
0.000000000000000000e+00
1.901817508041858673e-03
1.693309517577290535e-03
0.000000000000000000e+00
0.000000000000000000e+00
7.093601743690669537e-04
1.851978013291954994e-03
0.000000000000000000e+00
1.370225218124687672e-03
2.280908869579434395e-03
0.000000000000000000e+00
3.548848675563931465e-03
1.481855520978569984e-03
9.148521930910646915e-04
1.269596046768128872e-03
0.000000000000000000e+00
0.000000000000000000e+00
0.000000000000000000e+00
0.000000000000000000e+00
2.156030619516968727e-03
0.000000000000000000e+00
2.588114235550165176e-03
0.000000000000000000e+00
1.075391075573861599e-03
1.455222954973578453e-03
1.033575972542166710e-03
1.022202894091606140e-02
0.000000000000000000e+00
1.689802506007254124e-03
0.000000000000000000e+00
4.216813948005437851e-03
1.706261537037789822e-03
0.000000000000000000e+00
0.000000000000000000e+00
8.249692036770284176e-04
0.000000000000000000e+00
1.692847814410924911e-03
1.849465188570320606e-03
3.552371403202414513e-03
0.000000000000000000e+00
1.670072437264025211e-03
1.588813494890928268e-03
0.000000000000000000e+00
0.000000000000000000e+00
0.000000000000000000e+00
0.000000000000000000e+00
0.000000000000000000e+00
0.000000000000000000e+00
0.000000000000000000e+00
0.000000000000000000e+00
2.019060775637626648e-03
0.000000000000000000e+00
1.124463160522282124e-03
1.170337316580116749e-03
1.193994074128568172e-03
7.943733362480998039e-04
0.000000000000000000e+00
0.000000000000000000e+00
1.229118322953581810e-03
2.139312215149402618e-03
0.000000000000000000e+00
1.019609975628554821e-03
0.000000000000000000e+00
9.099512826651334763e-04
1.054630964063107967e-03
4.506178665906190872e-03
1.429713563993573189e-03
1.048114150762557983e-03
1.980595989152789116e-03
0.000000000000000000e+00
2.941069426015019417e-03
1.101019908674061298e-03
7.848374661989510059e-04
8.310683188028633595e-04
3.255954710766673088e-03
0.000000000000000000e+00
1.194531098008155823e-03
3.440905129536986351e-03
0.000000000000000000e+00
5.586238112300634384e-03
2.287203911691904068e-03
2.343007829040288925e-03
0.000000000000000000e+00
3.857024013996124268e-03
0.000000000000000000e+00
1.195817487314343452e-03
1.405382156372070312e-02
1.409120857715606689e-03
0.000000000000000000e+00
4.519362933933734894e-03
2.198489150032401085e-03
1.374230720102787018e-03
0.000000000000000000e+00
2.402586396783590317e-03
1.205183449201285839e-03
3.203289583325386047e-03
0.000000000000000000e+00
1.001187483780086040e-03
1.536256284452974796e-03
0.000000000000000000e+00
3.012324683368206024e-03
1.170631265267729759e-03
5.579209537245333195e-04
1.704632653854787350e-03
5.625165649689733982e-04
0.000000000000000000e+00
0.000000000000000000e+00
0.000000000000000000e+00
5.093074869364500046e-04
9.294142946600914001e-04
0.000000000000000000e+00
1.036230823956429958e-03
0.000000000000000000e+00
2.273316960781812668e-03
3.966606687754392624e-03
4.543913528323173523e-03
9.135202271863818169e-04
3.304014680907130241e-04
0.000000000000000000e+00
8.788908598944544792e-04
0.000000000000000000e+00
1.678668195381760597e-03
7.090191356837749481e-04
0.000000000000000000e+00
2.897337079048156738e-03
0.000000000000000000e+00
0.000000000000000000e+00
0.000000000000000000e+00
1.585614634677767754e-03
1.827482599765062332e-03
1.586200785823166370e-03
8.326519746333360672e-04
0.000000000000000000e+00
1.948559307493269444e-03
9.664680110290646553e-04
0.000000000000000000e+00
2.469857688993215561e-03
5.460014566779136658e-03
6.714758463203907013e-03
0.000000000000000000e+00
1.151749282144010067e-03
9.023068705573678017e-04
0.000000000000000000e+00
1.871390268206596375e-03
1.279338379390537739e-03
4.695162642747163773e-03
1.645273878239095211e-03
1.534962211735546589e-03
0.000000000000000000e+00
0.000000000000000000e+00
0.000000000000000000e+00
0.000000000000000000e+00
2.030436415225267410e-03
0.000000000000000000e+00
0.000000000000000000e+00
1.132369972765445709e-03
0.000000000000000000e+00
1.848616288043558598e-03
1.112618832848966122e-03
2.057774690911173820e-03
2.810177626088261604e-03
8.371176663786172867e-04
0.000000000000000000e+00
3.600170370191335678e-03
1.533681526780128479e-03
1.582659897394478321e-03
1.769055495969951153e-03
0.000000000000000000e+00
2.062925836071372032e-03
1.105457427911460400e-03
1.448122551664710045e-03
0.000000000000000000e+00
6.427948828786611557e-04
0.000000000000000000e+00
0.000000000000000000e+00
0.000000000000000000e+00
3.285758430138230324e-03
6.540339090861380100e-04
3.297505434602499008e-03
1.088080462068319321e-03
0.000000000000000000e+00
0.000000000000000000e+00
1.246626954525709152e-03
9.005881729535758495e-04
1.208755536936223507e-03
9.580660611391067505e-03
7.221809937618672848e-04
0.000000000000000000e+00
0.000000000000000000e+00
0.000000000000000000e+00
1.049484009854495525e-03
5.190149880945682526e-03
1.234812196344137192e-03
7.611119654029607773e-04
0.000000000000000000e+00
0.000000000000000000e+00
9.712873143143951893e-04
8.508869796060025692e-04
1.055350759997963905e-03
1.147333299741148949e-03
2.829893026500940323e-03
5.639949231408536434e-04
5.826240871101617813e-03
7.197474478743970394e-04
0.000000000000000000e+00
0.000000000000000000e+00
0.000000000000000000e+00
0.000000000000000000e+00
1.762101892381906509e-03
1.521059544757008553e-03
3.125104354694485664e-03
1.884826575405895710e-03
2.497547306120395660e-03
5.311120767146348953e-04
0.000000000000000000e+00
0.000000000000000000e+00
1.373097184114158154e-03
0.000000000000000000e+00
8.427834254689514637e-04
9.079649462364614010e-04
3.711427561938762665e-03
1.821546698920428753e-03
1.471560215577483177e-03
1.268018851988017559e-03
0.000000000000000000e+00
6.440068245865404606e-04
1.612719031982123852e-03
0.000000000000000000e+00
0.000000000000000000e+00
0.000000000000000000e+00
0.000000000000000000e+00
1.082448172383010387e-03
0.000000000000000000e+00
6.085610366426408291e-04
2.602001884952187538e-03
1.942240516655147076e-03
1.139839272946119308e-02
0.000000000000000000e+00
9.603142389096319675e-04
1.169721945188939571e-03
1.253389636985957623e-03
0.000000000000000000e+00
2.076606266200542450e-03
1.343804178759455681e-03
0.000000000000000000e+00
0.000000000000000000e+00
7.776502752676606178e-04
1.150369207607582211e-04
0.000000000000000000e+00
1.490014372393488884e-03
0.000000000000000000e+00
2.550804521888494492e-03
7.271335460245609283e-03
2.546339062973856926e-03
1.924664364196360111e-03
0.000000000000000000e+00
2.767457859590649605e-03
1.067236647941172123e-03
1.237028045579791069e-03
2.759338822215795517e-03
0.000000000000000000e+00
1.753829652443528175e-03
2.178246621042490005e-03
0.000000000000000000e+00
0.000000000000000000e+00
1.058895257301628590e-03
2.109770663082599640e-03
6.995353847742080688e-03
