4.999901104631867383e+03
5.000009378875811308e+03
4.999594473747225493e+03
5.000008397060994866e+03
4.999811694726940004e+03
4.999835879883782582e+03
4.998585881777406030e+03
4.999970789202039668e+03
4.999980042417475488e+03
5.000009672908018729e+03
4.999535337823549526e+03
3.863997618270768726e+03
3.864892542390573453e+03
4.942746384249370749e+03
4.956849840577768191e+03
2.579742094675741100e+03
2.583007586954736780e+03
2.796789127234875650e+03
2.801972418305158499e+03
4.954083950021675264e+03
4.954104564563228450e+03
4.935411551823970512e+03
4.935800466067224988e+03
4.895975059508228696e+03
5.000006319108161733e+03
5.000006314487451164e+03
5.000009045439795045e+03
5.000008910434015888e+03
5.000009651037889853e+03
4.999939267230533915e+03
5.000007266333845109e+03
4.999992965343837568e+03
5.000008688049850207e+03
5.000004541467686977e+03
5.000009624746908230e+03
5.000005497743512933e+03
5.000008911108275242e+03
5.000007858696459152e+03
4.999999618635999468e+03
4.880897531598489877e+03
