-2.327820286154747009e-03
-3.495868993923068047e-03
-8.458656258881092072e-03
-4.180837888270616531e-03
-1.552906702272593975e-03
7.184560410678386688e-03
9.740945883095264435e-03
7.316926028579473495e-03
-6.213185377418994904e-03
-2.807465847581624985e-03
4.268780816346406937e-03
-3.076906083151698112e-03
-1.158544211648404598e-03
-1.594098634086549282e-03
7.471129647456109524e-04
2.057750010862946510e-03
-1.958491280674934387e-03
-2.185727935284376144e-03
3.091639373451471329e-03
2.748118946328759193e-03
-4.086007364094257355e-03
9.196659084409475327e-04
-3.418368287384510040e-03
-3.238545497879385948e-03
2.025202615186572075e-03
1.851278590038418770e-03
-1.949318335391581059e-03
1.235261792317032814e-03
-3.026172751560807228e-03
-2.562420209869742393e-03
-2.973053604364395142e-03
2.073933137580752373e-04
-1.527856336906552315e-03
2.191612031310796738e-03
7.111692102625966072e-04
-2.055479126283898950e-04
1.829387736506760120e-03
3.970804391428828239e-04
3.847343614324927330e-03
2.053658943623304367e-03
