6.496153771877288818e-03
6.576935648918151855e-01
9.711692333221435547e-01
1.102932095527648926e+00
1.091002821922302246e+00
7.252443432807922363e-01
2.301741242408752441e-01
1.173213839530944824e+00
2.010931074619293213e-01
8.571394681930541992e-01
1.008829832077026367e+00
1.210058927536010742e+00
1.155219316482543945e+00
1.275205612182617188e+00
1.314155459403991699e+00
1.363623619079589844e+00
1.524584293365478516e+00
1.398517847061157227e+00
1.026644229888916016e+00
1.477693200111389160e+00
1.187184214591979980e+00
1.262502551078796387e+00
1.235375523567199707e+00
1.086918830871582031e+00
4.248470962047576904e-01
1.084361195564270020e+00
1.273311495780944824e+00
1.020655989646911621e+00
6.879644393920898438e-01
9.888089299201965332e-01
0.000000000000000000e+00
1.228271365165710449e+00
1.212400674819946289e+00
1.051781058311462402e+00
6.824350357055664062e-01
1.227837085723876953e+00
1.335404634475708008e+00
1.242922186851501465e+00
9.984487295150756836e-01
