2.100000000000000000e+01
0.000000000000000000e+00
0.000000000000000000e+00
0.000000000000000000e+00
0.000000000000000000e+00
5.121593177318572998e-02
7.966184988617897034e-03
0.000000000000000000e+00
6.486729532480239868e-02
3.535313308238983154e-01
0.000000000000000000e+00
4.405603515625000000e+03
4.366533458232879639e-01
1.474249456077814102e-02
0.000000000000000000e+00
0.000000000000000000e+00
0.000000000000000000e+00
1.639034599065780640e-02
4.630802571773529053e-01
1.536632329225540161e-02
0.000000000000000000e+00
