3.569593547604672096e-02
1.193968255777591719e-01
4.377871254070921370e-01
5.602422581422453050e+02
8.081653532550800989e+00
1.240976277069780892e-01
1.240979462957386232e+02
1.526718342278744700e+00
1.894580821246465874e+00
3.457389478020439810e+01
1.906446617122064646e+00
2.355129971328569809e+03
9.315899898912991528e-01
2.497726547830144916e+00
3.328331795688335148e+00
2.334621858312249554e+00
2.559200654172161649e+01
1.414307772470635882e+00
2.336871265077715698e+00
2.144927313884241737e+00
4.246822101798441196e+01
1.397219517764179102e+02
5.157244232894936387e-01
5.676584777662977643e+00
5.408454818663841479e+00
7.199584703733530660e+02
1.330698622994066271e+00
1.286117302901917299e+02
4.018876007833033270e+01
1.528312291401867014e+03
7.083995958329478526e+01
1.203278200126901396e+02
6.218617728565163816e+00
5.388728382933361161e+01
2.711586745609050695e+02
3.092494301934508805e+00
1.399886140048469656e+02
1.052320452683170693e+01
6.969589979818892722e+00
8.469881295771845231e+00
1.639684229833568807e+01
1.402482065252414998e+02
9.301407851170084484e+01
1.336994757748577740e+02
4.817203898074262725e+01
8.217505879583143269e+00
2.166439448374219268e+01
3.609634180566588135e+00
4.920823029729473319e+02
1.781658269107602166e+01
2.418883883026891453e+03
7.037633821663192180e+01
5.432011040013186687e+01
2.438271153536258225e+03
1.283622640812152667e+03
7.864570884863156834e+02
2.974378113113072430e+00
4.147461070776622627e+00
1.995714473042309223e+01
1.162872821748691649e+03
3.893658899217939506e+01
1.429558214905548823e+02
1.200391893028703905e+01
8.015630045276351368e+00
4.639166328569072739e+00
1.115766359552596896e+02
2.289028076253100608e+03
3.012128196189867708e+02
4.805863876528993828e+00
2.794039214913120617e+01
1.431866869234819362e+01
2.135179918790217641e+02
4.935392658321830339e+01
1.360751804974302459e+01
2.654058192550585460e+01
6.257475028286219931e+00
4.101048636251318840e+02
2.541605030455473813e+00
1.979544760049840761e+03
1.090781534614779730e+03
1.660947410589275250e+03
7.472378388900814628e+01
3.547966979540211696e+01
9.913941400340253551e+01
5.383451730848715755e+00
2.640647873041057210e+03
2.322449210327879854e+01
5.885002141090371452e+00
1.596921818330822695e+01
1.263922064475627394e+03
