1.597350649535655975e-02
4.303680732846260071e-03
-1.347048487514257431e-02
9.222754277288913727e-03
-1.324394368566572666e-03
-1.744114421308040619e-02
2.700609620660543442e-03
2.601099666208028793e-03
2.435209928080439568e-03
-2.666531654540449381e-04
2.073674113489687443e-04
1.321921823546290398e-03
-2.714305883273482323e-03
1.123851165175437927e-02
1.995512749999761581e-03
3.742716973647475243e-03
9.751731529831886292e-03
3.138014581054449081e-04
5.567547865211963654e-03
-1.275370921939611435e-02
-7.100844522938132286e-04
8.953467011451721191e-03
-8.417145349085330963e-03
-3.063994925469160080e-03
-2.360755897825583816e-04
-7.144222618080675602e-04
-6.574493832886219025e-03
3.478767117485404015e-03
3.234332893043756485e-03
5.632922984659671783e-03
1.151133328676223755e-03
-1.397998072206974030e-03
2.097053220495581627e-03
-6.482917233370244503e-04
-4.451442975550889969e-03
1.209013746120035648e-03
1.690648961812257767e-03
2.104871964547783136e-04
1.139327767305076122e-03
2.622175030410289764e-03
5.422698799520730972e-03
-2.662560727912932634e-04
-2.201955765485763550e-03
2.638216130435466766e-03
-2.958651399239897728e-03
5.405843257904052734e-03
9.733467595651745796e-04
1.970755169168114662e-03
4.745759360957890749e-04
1.545663271099328995e-02
-1.946677337400615215e-03
-2.248905831947922707e-03
-1.375065534375607967e-03
-1.808027736842632294e-03
-1.864344230853021145e-03
1.101089874282479286e-03
1.526009174995124340e-03
-1.676641777157783508e-02
5.723366048187017441e-03
1.459570042788982391e-02
-3.229340072721242905e-03
-2.495217137038707733e-03
3.046332858502864838e-04
5.580555880442261696e-04
2.772830426692962646e-03
-1.344257965683937073e-03
8.585894829593598843e-04
-1.732924021780490875e-03
-6.195390596985816956e-03
-2.121076220646500587e-03
2.359116217121481895e-03
1.530937151983380318e-05
-1.269081723876297474e-03
-4.134800285100936890e-03
-1.358528155833482742e-03
8.697408484295010567e-04
-3.479129634797573090e-03
9.272851166315376759e-04
1.063413918018341064e-03
6.262255483306944370e-04
5.309329135343432426e-04
-1.563416607677936554e-02
-2.487291814759373665e-03
1.683402806520462036e-03
-1.604487933218479156e-02
5.684594623744487762e-03
-4.103897605091333389e-03
-2.703384961932897568e-04
-2.565885195508599281e-03
3.154179081320762634e-03
