2.420977783203125000e+01
6.579022216796875000e+01
0.000000000000000000e+00
2.691984252929687500e+02
2.529338073730468750e+01
4.421811676025390625e+01
2.451587295532226562e+01
0.000000000000000000e+00
1.205442428588867188e+00
5.284536743164062500e+01
2.195953178405761719e+01
0.000000000000000000e+00
6.247876358032226562e+01
0.000000000000000000e+00
6.069724273681640625e+01
3.820115280151367188e+01
1.152448272705078125e+01
5.641305923461914062e+00
6.868760681152343750e+01
2.015132331848144531e+01
1.506580448150634766e+01
0.000000000000000000e+00
2.163217926025390625e+01
3.540129089355468750e+01
0.000000000000000000e+00
1.617696952819824219e+01
0.000000000000000000e+00
9.135816192626953125e+01
7.211421203613281250e+01
1.127967262268066406e+01
0.000000000000000000e+00
0.000000000000000000e+00
3.608322906494140625e+01
5.855919647216796875e+01
4.559208679199218750e+01
0.000000000000000000e+00
8.081588745117187500e+01
5.045085144042968750e+01
5.941320419311523438e+01
3.377899169921875000e+01
5.746215438842773438e+01
7.823549270629882812e+00
2.869502067565917969e+01
0.000000000000000000e+00
3.992140197753906250e+01
4.130663681030273438e+01
5.638396453857421875e+01
1.108078956604003906e+01
2.773157310485839844e+01
6.923985290527343750e+01
1.443188018798828125e+02
2.058605194091796875e+00
9.529170989990234375e+00
2.176089096069335938e+01
4.839294433593750000e+01
4.062569885253906250e+02
5.126086807250976562e+01
1.547443771362304688e+01
0.000000000000000000e+00
5.401783752441406250e+01
3.509895706176757812e+01
1.756102371215820312e+01
0.000000000000000000e+00
0.000000000000000000e+00
2.073380279541015625e+01
2.076040649414062500e+01
1.696905899047851562e+01
1.354950428009033203e+01
6.717924499511718750e+01
0.000000000000000000e+00
5.636498641967773438e+01
3.393113403320312500e+02
3.053948402404785156e+01
3.343920898437500000e+01
0.000000000000000000e+00
1.703269958496093750e+01
4.472415161132812500e+01
3.366901016235351562e+01
4.069851684570312500e+01
0.000000000000000000e+00
3.076168823242187500e+01
2.926511764526367188e+00
2.742144966125488281e+01
0.000000000000000000e+00
5.000576019287109375e+01
2.987435531616210938e+01
7.418943405151367188e+00
3.803011779785156250e+02
1.633763504028320312e+01
0.000000000000000000e+00
