2.043686956167221069e-01
5.762597545981407166e-03
4.285671166144311428e-04
1.535578370094299316e-01
-3.937567118555307388e-03
-1.963561177253723145e-01
2.060322090983390808e-03
2.042284794151782990e-02
-9.233556687831878662e-02
8.306486904621124268e-02
-1.048874203115701675e-02
-1.389808114618062973e-02
-5.449235811829566956e-02
-1.021778956055641174e-01
-5.038293544203042984e-03
-1.080486341379582882e-03
-4.070805013179779053e-02
-6.325735151767730713e-02
-1.702123880386352539e-02
1.820136047899723053e-02
-2.616639994084835052e-02
-3.749186396598815918e-01
-2.640905678272247314e-01
-1.297403872013092041e-01
-5.804151892662048340e-01
1.714534997940063477e+00
-3.917967975139617920e-01
9.830712676048278809e-01
