3.355303406715393066e-02
1.455969735980033875e-02
3.357829991728067398e-03
4.047045484185218811e-02
3.499969141557812691e-03
6.483523547649383545e-02
1.012434624135494232e-02
2.952059963718056679e-03
3.742780908942222595e-02
3.144298121333122253e-02
5.912497639656066895e-03
3.459492465481162071e-03
1.912543922662734985e-02
2.059771306812763214e-02
6.042589899152517319e-03
3.029305720701813698e-03
2.568111382424831390e-02
1.694264635443687439e-02
5.584983620792627335e-03
3.488344606012105942e-03
2.231767401099205017e-02
3.542713820934295654e-02
7.798839360475540161e-02
2.420189790427684784e-02
6.817914545536041260e-02
2.098019123077392578e-01
1.127414926886558533e-01
9.725479036569595337e-02
