2.568937465548515320e-02
-1.087706442922353745e-02
-4.632642026990652084e-03
6.693393457680940628e-03
-9.444967843592166901e-03
6.115091498941183090e-03
7.662942633032798767e-03
-5.167349241673946381e-03
-1.527258288115262985e-02
5.188442301005125046e-03
1.811636757338419557e-04
4.735474009066820145e-03
-1.349204219877719879e-02
3.199030086398124695e-02
-1.081934105604887009e-02
-1.336252037435770035e-02
-5.350106512196362019e-04
-1.959059573709964752e-02
-1.774786971509456635e-02
2.353055588901042938e-02
9.639642201364040375e-03
2.538654021918773651e-02
-1.147935632616281509e-03
8.533153682947158813e-03
8.668658323585987091e-03
9.406168013811111450e-03
1.105167809873819351e-02
-2.823071368038654327e-02
2.529343217611312866e-02
6.940642371773719788e-03
-9.528921917080879211e-03
3.451940137892961502e-04
-1.348598510958254337e-03
1.333321211859583855e-03
-9.235655888915061951e-04
1.976260729134082794e-02
-7.702944800257682800e-03
-1.270336285233497620e-02
-6.591988727450370789e-03
-6.542166694998741150e-03
-8.330947719514369965e-03
-9.811225347220897675e-03
-5.279997736215591431e-02
4.132184386253356934e-02
-7.958690635859966278e-03
-9.397787973284721375e-03
-2.905427012592554092e-03
-9.626237675547599792e-03
9.826492518186569214e-03
2.527427114546298981e-02
3.212643042206764221e-02
6.463909521698951721e-03
1.044019497931003571e-02
-2.486142888665199280e-02
-9.035598486661911011e-03
-3.834484610706567764e-03
6.105048581957817078e-03
-5.872419569641351700e-03
-8.920413441956043243e-03
-3.132018027827143669e-03
1.823164150118827820e-02
-3.046828135848045349e-02
-5.892935208976268768e-03
1.538299955427646637e-03
-3.962688520550727844e-02
-5.835562478750944138e-04
-5.802229791879653931e-02
-2.835105918347835541e-02
2.864272333681583405e-02
-2.026722207665443420e-02
6.047606468200683594e-03
-3.472553938627243042e-02
1.191389840096235275e-02
5.372728221118450165e-03
3.246899694204330444e-02
2.826410578563809395e-03
6.855395622551441193e-03
2.974658645689487457e-02
-1.097998674958944321e-02
-1.339460723102092743e-02
-3.926466684788465500e-03
1.162068545818328857e-02
-2.662345580756664276e-02
-2.505040913820266724e-02
-1.737372390925884247e-02
-9.883391670882701874e-03
-4.121322184801101685e-03
-7.391377002932131290e-04
2.785574458539485931e-02
-7.570910733193159103e-03
-1.190560758113861084e-01
4.653747007250785828e-02
-8.070483803749084473e-03
-4.580910783261060715e-03
7.429371122270822525e-03
-2.985937520861625671e-02
1.962958462536334991e-02
2.623683586716651917e-02
3.142577130347490311e-03
2.345153503119945526e-02
3.086279379203915596e-03
-5.541696678847074509e-03
1.300856191664934158e-02
2.525032497942447662e-03
-1.739794760942459106e-02
2.466367557644844055e-03
6.003749556839466095e-03
4.193646833300590515e-03
5.421246751211583614e-04
1.448563858866691589e-02
1.046221423894166946e-02
-7.921471260488033295e-03
1.919445581734180450e-02
3.569945320487022400e-02
1.837477670051157475e-03
-1.481111627072095871e-03
1.768105477094650269e-02
1.529329456388950348e-03
3.532391274347901344e-03
-2.535304799675941467e-02
-1.011961419135332108e-02
3.561339527368545532e-02
2.268148586153984070e-03
-6.631666910834610462e-04
-9.514922276139259338e-04
-1.726105436682701111e-02
-5.352721549570560455e-03
-7.180758751928806305e-03
2.631461014971137047e-03
1.366868335753679276e-02
-1.784660480916500092e-02
-2.752996608614921570e-02
-1.787873543798923492e-02
5.449039395898580551e-03
1.652121730148792267e-02
1.151262223720550537e-02
3.845370607450604439e-03
-2.413223963230848312e-03
-4.609344061464071274e-03
4.395394586026668549e-03
-1.635414361953735352e-02
-4.580732434988021851e-03
-7.460874971002340317e-03
3.153251484036445618e-02
-2.428398700430989265e-03
-1.235344819724559784e-02
-2.263523451983928680e-02
1.450784225016832352e-02
-1.664811046794056892e-03
-9.260140359401702881e-03
8.648225106298923492e-03
-2.703956328332424164e-02
1.148543786257505417e-02
1.163559267297387123e-03
8.369360119104385376e-03
-6.952309980988502502e-03
-1.983862929046154022e-02
2.176694013178348541e-02
6.289230077527463436e-04
-1.121250074356794357e-02
-8.813231252133846283e-04
5.841852980665862560e-04
-3.712984034791588783e-04
1.013031462207436562e-03
2.872708998620510101e-02
9.084620513021945953e-03
-2.188831195235252380e-02
2.232799679040908813e-02
-1.746877841651439667e-02
2.671148686204105616e-04
2.388287568464875221e-03
4.464329779148101807e-02
-9.553360752761363983e-03
1.045404374599456787e-02
7.928203791379928589e-03
-1.708793453872203827e-02
-6.248509162105619907e-04
-1.505378261208534241e-02
-3.035738319158554077e-02
-1.940283738076686859e-02
6.243962794542312622e-03
-1.718379557132720947e-02
-1.526574511080980301e-02
8.488542400300502777e-03
8.089669048786163330e-03
-3.489811718463897705e-02
1.339696161448955536e-02
-1.405819039791822433e-02
2.750238776206970215e-02
1.018353458493947983e-02
6.336539983749389648e-03
2.069803327322006226e-02
-1.400889642536640167e-02
-2.244524075649678707e-04
1.525170449167490005e-02
2.144772000610828400e-02
7.509018760174512863e-03
1.045201439410448074e-02
1.903641736134886742e-03
7.376404013484716415e-03
2.894769050180912018e-02
2.053731866180896759e-02
8.192808367311954498e-03
1.163510512560606003e-02
-3.206178545951843262e-02
-9.076550602912902832e-03
-2.806798368692398071e-02
1.465125009417533875e-02
-3.861508739646524191e-04
-1.984990015625953674e-02
-9.096261113882064819e-03
1.276942342519760132e-02
1.891666091978549957e-02
5.493126809597015381e-03
1.025244873017072678e-02
6.440265104174613953e-03
3.365219337865710258e-03
-1.063170749694108963e-02
3.046575700864195824e-03
-7.271770387887954712e-03
-1.757769472897052765e-02
-1.760639948770403862e-03
-2.520541287958621979e-02
-1.572992093861103058e-02
3.953997045755386353e-03
1.054276339709758759e-02
6.880955188535153866e-04
1.618882827460765839e-02
-6.432103691622614861e-04
-4.534950945526361465e-03
2.508829720318317413e-02
-7.270853500813245773e-03
-1.858624815940856934e-02
-1.128110196441411972e-02
4.112081602215766907e-02
1.306775398552417755e-02
6.025071721524000168e-03
-2.373604103922843933e-02
2.321680448949337006e-02
-2.723058499395847321e-02
1.149551048874855042e-01
2.813483588397502899e-02
-4.942114930599927902e-03
3.141604363918304443e-03
1.818386837840080261e-02
-5.646293051540851593e-03
-1.599536463618278503e-02
-3.254644339904189110e-03
-3.198124933987855911e-03
3.511022403836250305e-02
-9.613865986466407776e-03
-7.474510464817285538e-03
-1.363442395813763142e-03
-2.004266250878572464e-03
-1.049835002049803734e-03
-5.291079171001911163e-03
8.129999972879886627e-03
-7.060582935810089111e-02
1.045660697855055332e-03
-1.264225225895643234e-02
1.600110903382301331e-02
-3.339920938014984131e-02
6.480345502495765686e-03
6.466196849942207336e-03
2.080997638404369354e-02
-4.002650734037160873e-03
4.618092905730009079e-03
-8.917318657040596008e-03
-1.666369289159774780e-02
2.293641492724418640e-02
-3.801345825195312500e-03
2.327496930956840515e-02
3.042089520022273064e-03
-4.461214318871498108e-02
2.104966528713703156e-02
1.574119925498962402e-02
1.033766381442546844e-02
-2.110044844448566437e-02
-7.351439126068726182e-05
1.460410933941602707e-02
-8.437003940343856812e-03
1.278415508568286896e-02
1.099767163395881653e-02
-1.460674591362476349e-02
3.962941467761993408e-02
-3.591727465391159058e-02
-1.398291438817977905e-03
-2.140280604362487793e-02
3.979545552283525467e-03
-1.075837062671780586e-03
-1.823365874588489532e-02
1.749678887426853180e-02
-2.863594517111778259e-02
-3.045120276510715485e-02
5.856144241988658905e-03
1.016101799905300140e-02
1.653955690562725067e-02
1.745712943375110626e-02
5.850208550691604614e-02
1.101429294794797897e-02
1.551021356135606766e-02
1.725397258996963501e-02
4.180705547332763672e-02
1.347123086452484131e-02
-1.675793156027793884e-02
1.934511214494705200e-02
6.936037912964820862e-03
1.621893048286437988e-02
-1.522078085690736771e-02
-5.945871118456125259e-03
5.074009299278259277e-03
-2.909530419856309891e-03
2.721004188060760498e-02
4.612835473380982876e-04
4.148133471608161926e-02
-2.100561000406742096e-02
4.846689850091934204e-02
-1.264273561537265778e-02
-7.421447336673736572e-02
5.178797524422407150e-03
-1.292158570140600204e-02
-1.254142168909311295e-02
1.159058231860399246e-02
1.035154145210981369e-02
2.043624175712466240e-03
-1.637548324652016163e-03
3.813064191490411758e-03
3.636208921670913696e-02
9.417941793799400330e-03
5.153429228812456131e-03
8.066465146839618683e-03
-8.661303669214248657e-03
3.971780650317668915e-03
-1.770258694887161255e-02
-2.550127916038036346e-03
7.738012820482254028e-03
1.795708760619163513e-02
-2.041275985538959503e-02
3.918879199773073196e-03
3.176288213580846786e-03
-7.374956738203763962e-03
-3.514235466718673706e-02
1.905409735627472401e-03
7.804885040968656540e-03
2.620409242808818817e-02
8.576595224440097809e-03
3.026616061106324196e-03
-1.052329130470752716e-02
-1.084676571190357208e-02
3.319486603140830994e-02
-6.394732277840375900e-03
-5.111591424793004990e-03
-5.882180761545896530e-03
-2.489321923349052668e-04
-2.030964009463787079e-02
-9.905369952321052551e-03
-3.906894940882921219e-03
1.689321734011173248e-02
4.027452319860458374e-03
1.202019210904836655e-02
4.240601323544979095e-03
-1.497331541031599045e-02
-1.408257149159908295e-02
5.112603306770324707e-03
4.251115955412387848e-03
2.189285680651664734e-02
-8.166584186255931854e-03
4.176409915089607239e-02
2.422709390521049500e-02
2.417398430407047272e-02
2.576792985200881958e-02
-1.800009049475193024e-02
-1.977992616593837738e-02
-8.184859901666641235e-02
-1.079682912677526474e-02
-4.933576099574565887e-03
-3.188719041645526886e-03
5.221334751695394516e-03
-1.689068414270877838e-02
-1.849157363176345825e-01
-9.669742546975612640e-03
3.373064100742340088e-02
-1.326815225183963776e-02
6.023345049470663071e-03
-1.361188665032386780e-02
1.666111871600151062e-02
3.706512507051229477e-03
1.204791199415922165e-02
-9.634048910811543465e-04
2.802048576995730400e-03
-1.639750669710338116e-03
-1.692520640790462494e-02
-7.529369089752435684e-03
7.400409318506717682e-03
-3.500298410654067993e-02
2.335878834128379822e-02
-1.886965148150920868e-02
1.341118663549423218e-02
-2.709946967661380768e-02
3.245360217988491058e-03
6.276162341237068176e-03
-5.877136718481779099e-03
6.464783567935228348e-03
1.186330337077379227e-02
4.937680903822183609e-03
4.564860370010137558e-03
-1.320149842649698257e-02
-4.073421936482191086e-03
2.297330461442470551e-02
-5.172776291146874428e-04
7.963362149894237518e-03
4.238044843077659607e-02
-9.415188804268836975e-03
3.533375449478626251e-03
-1.847839541733264923e-02
-9.909958578646183014e-03
-1.774269714951515198e-02
2.582646440714597702e-03
-1.353299431502819061e-02
-4.917206708341836929e-03
2.622037753462791443e-02
3.788279369473457336e-02
-3.983134031295776367e-02
9.626385872252285480e-04
-1.463974593207240105e-03
-2.081974968314170837e-02
-3.577733412384986877e-02
-7.120667491108179092e-03
-1.656369492411613464e-02
-4.806445445865392685e-03
7.598283234983682632e-03
1.965069212019443512e-02
1.634504063986241817e-03
1.651976071298122406e-02
-1.047251746058464050e-02
6.797454319894313812e-03
1.609002240002155304e-02
1.438236981630325317e-02
3.644179087132215500e-03
9.363773278892040253e-03
-1.850199885666370392e-02
-3.469048999249935150e-03
-1.508000306785106659e-02
-2.678667195141315460e-02
-2.358707971870899200e-02
1.953735947608947754e-02
-1.547568477690219879e-03
2.802132815122604370e-02
1.675234525464475155e-03
-4.397491924464702606e-03
1.533841527998447418e-02
-2.820506226271390915e-03
1.238504308275878429e-03
6.165801081806421280e-03
-3.421634063124656677e-02
-2.761443518102169037e-02
-1.385106332600116730e-02
1.016948837786912918e-02
1.777435280382633209e-02
1.315824774792417884e-04
2.110090292990207672e-02
5.194614827632904053e-02
2.017923444509506226e-02
8.898271247744560242e-03
1.444347761571407318e-02
-4.182369448244571686e-03
-1.469763740897178650e-02
-6.736086215823888779e-03
-6.501742638647556305e-03
6.276793777942657471e-03
5.525957792997360229e-03
-5.144836846739053726e-03
-1.313457358628511429e-02
1.399896480143070221e-02
-7.277787197381258011e-03
-1.423574984073638916e-02
2.023482520598918200e-04
6.073508411645889282e-03
-1.077033486217260361e-02
-9.812266565859317780e-03
-2.665228210389614105e-03
-3.173708682879805565e-03
-1.591623760759830475e-02
-6.282244808971881866e-03
-7.251509465277194977e-03
-2.144058607518672943e-02
2.460459712892770767e-03
1.340902224183082581e-02
8.202515542507171631e-03
-1.504962891340255737e-02
-6.518050562590360641e-03
2.057460602372884750e-03
2.388606220483779907e-02
3.046578960493206978e-03
-2.790999598801136017e-03
-8.184583275578916073e-04
8.729709312319755554e-03
1.430070027709007263e-02
-6.362379528582096100e-03
-3.959653899073600769e-02
-5.371332634240388870e-03
3.690015152096748352e-02
7.717421278357505798e-03
-1.234345883131027222e-02
-4.472358524799346924e-02
-4.217765294015407562e-03
-1.582531630992889404e-02
-1.239778939634561539e-03
-1.224630326032638550e-02
1.435677800327539444e-02
-1.023663952946662903e-01
-1.061850879341363907e-02
1.656807027757167816e-02
1.400941167958080769e-03
2.559097483754158020e-03
-1.502549089491367340e-02
-2.021867036819458008e-02
-1.446609757840633392e-02
2.397770062088966370e-02
-6.708221510052680969e-03
7.136095780879259109e-03
2.125191735103726387e-03
5.408169236034154892e-03
7.725402247160673141e-05
-5.669967271387577057e-03
3.733451943844556808e-03
2.556406147778034210e-02
3.338038921356201172e-02
5.346263293176889420e-03
1.272584497928619385e-02
7.573639042675495148e-03
8.018501102924346924e-03
4.950475413352251053e-03
-2.702146535739302635e-03
-1.807881146669387817e-02
-3.282391233369708061e-03
6.656845565885305405e-03
-1.793882995843887329e-02
-5.507459398359060287e-03
-1.600035652518272400e-02
-3.050787141546607018e-03
-1.407227665185928345e-02
1.855688169598579407e-02
-1.773448311723768711e-03
3.670346341095864773e-04
-1.804965361952781677e-02
2.873887307941913605e-02
8.705752901732921600e-03
4.966858774423599243e-02
5.947732366621494293e-03
-2.143829315900802612e-02
-2.559229731559753418e-02
-5.004208069294691086e-03
-5.423458293080329895e-03
-1.722745969891548157e-02
1.743333972990512848e-02
-4.276630003005266190e-03
-4.980713129043579102e-03
1.253936905413866043e-02
1.088584773242473602e-02
-3.217916237190365791e-03
3.715598955750465393e-03
-2.948547899723052979e-02
2.684470452368259430e-02
-4.777385387569665909e-03
-9.973515756428241730e-03
1.208733022212982178e-02
6.516997516155242920e-02
8.032955229282379150e-03
-2.672601491212844849e-03
2.794816624373197556e-03
7.168765179812908173e-03
2.414531446993350983e-02
-1.063928287476301193e-02
-2.801502682268619537e-02
-1.202095858752727509e-02
-7.443301845341920853e-03
1.817427575588226318e-02
2.690229564905166626e-02
-2.351594623178243637e-03
7.875669747591018677e-03
-1.747920922935009003e-02
1.086146757006645203e-02
9.193935431540012360e-03
-1.781387068331241608e-02
-5.743600777350366116e-04
4.205102566629648209e-03
2.693998813629150391e-02
1.728393137454986572e-02
-3.349582478404045105e-02
-7.277629803866147995e-03
1.712928153574466705e-02
-1.552760601043701172e-02
-2.287358045578002930e-02
-1.388489920645952225e-02
-1.075926236808300018e-02
-1.019982434809207916e-02
-8.747988380491733551e-03
-1.704742014408111572e-02
5.597889889031648636e-03
2.408486977219581604e-02
-2.096710726618766785e-03
1.848777406848967075e-03
4.761688411235809326e-03
-2.309448551386594772e-03
-4.162819590419530869e-03
-3.373031038790941238e-03
6.203724537044763565e-03
-2.065829001367092133e-02
-8.308978751301765442e-03
-1.922817900776863098e-02
-2.244384028017520905e-03
1.308815460652112961e-02
6.367657333612442017e-03
1.647163555026054382e-02
-5.042304284870624542e-03
-1.045033568516373634e-03
-1.225875876843929291e-02
-1.046470273286104202e-02
-2.740216627717018127e-02
6.483094766736030579e-03
1.070929225534200668e-02
1.433487981557846069e-02
-3.468445269390940666e-03
1.209583692252635956e-02
2.628727070987224579e-02
2.423423575237393379e-03
7.160237524658441544e-03
9.040586301125586033e-04
8.547085523605346680e-02
-3.218650072813034058e-02
-2.183615695685148239e-03
-7.861537742428481579e-04
-6.747654639184474945e-03
-2.929092757403850555e-02
2.228875830769538879e-02
6.338663864880800247e-03
-1.898667961359024048e-02
-1.315949484705924988e-02
3.694871440529823303e-02
-7.562423124909400940e-03
4.984932951629161835e-03
-2.026707120239734650e-02
2.584488596767187119e-03
1.088662724941968918e-02
6.191444583237171173e-03
-4.648442938923835754e-02
7.280345074832439423e-03
1.716150715947151184e-02
2.736539579927921295e-02
2.490342827513813972e-03
3.649563342332839966e-02
4.983682651072740555e-03
-1.028817892074584961e-02
-6.853403523564338684e-03
-4.191293846815824509e-03
7.369541097432374954e-03
-2.646554261445999146e-03
2.398756565526127815e-03
4.893589299172163010e-03
-1.477910298854112625e-02
-5.084912758320569992e-03
-1.441878639161586761e-02
-3.212559968233108521e-02
2.134496346116065979e-02
1.243604253977537155e-02
-1.969468966126441956e-02
-1.527839060872793198e-02
-2.916550729423761368e-03
3.185924841091036797e-03
-3.863919060677289963e-03
-1.756272092461585999e-02
1.711202599108219147e-02
-1.289261505007743835e-02
-1.480387151241302490e-02
-9.359069168567657471e-03
1.102962251752614975e-02
-2.801184356212615967e-02
-8.439362980425357819e-03
4.722146317362785339e-03
2.701094839721918106e-03
9.463558904826641083e-03
9.375082328915596008e-03
-8.857751265168190002e-03
1.398213487118482590e-02
-7.759299129247665405e-03
7.464324589818716049e-03
-2.824822440743446350e-03
-2.954949811100959778e-02
2.095668017864227295e-02
-1.018315553665161133e-02
-4.673050716519355774e-03
2.135971374809741974e-02
1.695202104747295380e-02
1.901114173233509064e-02
1.127218548208475113e-02
-1.818008907139301300e-02
-4.627590533345937729e-03
1.562880165874958038e-02
-2.014129236340522766e-02
1.500936597585678101e-02
3.062240593135356903e-02
-8.762076497077941895e-03
1.191069278866052628e-02
-4.512332007288932800e-02
-1.398209575563669205e-02
-6.612325087189674377e-03
2.646800316870212555e-02
-1.417940389364957809e-02
8.935349062085151672e-03
-7.131506572477519512e-04
2.138966880738735199e-02
-3.284440189599990845e-02
6.475279107689857483e-03
-3.519726451486349106e-03
2.000720612704753876e-02
-2.683353144675493240e-03
-2.056791633367538452e-02
1.739916764199733734e-02
8.438754826784133911e-03
1.324676070362329483e-02
5.651199072599411011e-02
-1.554815005511045456e-02
-3.944098716601729393e-04
3.261344507336616516e-02
-3.642719984054565430e-02
-1.088337507098913193e-02
2.540083602070808411e-03
-1.135784760117530823e-02
-2.579309605062007904e-02
3.246580483391880989e-03
-7.898094132542610168e-03
-5.367621779441833496e-03
-1.015627663582563400e-02
-5.855343304574489594e-03
2.433320274576544762e-03
6.849592551589012146e-03
-4.279516637325286865e-03
1.258848141878843307e-02
3.520781174302101135e-02
2.716687507927417755e-02
-5.122698377817869186e-03
2.111690118908882141e-03
2.687383210286498070e-03
3.526157466694712639e-03
1.480758748948574066e-02
1.334253232926130295e-02
-8.653433062136173248e-03
-4.439226817339658737e-03
1.010310184210538864e-02
3.311572363600134850e-03
1.658057048916816711e-02
2.603248460218310356e-03
-6.345538422465324402e-04
-8.475633338093757629e-03
-3.934011794626712799e-03
1.566065102815628052e-02
-2.479181997478008270e-02
-2.102532191202044487e-03
-1.529617886990308762e-02
-1.221727766096591949e-02
-3.257181495428085327e-03
8.818455971777439117e-03
6.812991108745336533e-03
4.174042958766222000e-03
3.526114393025636673e-03
-1.810706406831741333e-02
2.557067573070526123e-02
1.687680743634700775e-02
3.876640927046537399e-03
-1.731998659670352936e-02
1.873751170933246613e-02
-1.721888594329357147e-02
-5.077444948256015778e-03
5.085989367216825485e-03
3.718623146414756775e-02
1.914842240512371063e-02
1.663643680512905121e-02
2.739611081779003143e-03
2.819898724555969238e-02
-2.128010429441928864e-02
-1.597771607339382172e-02
2.135942224413156509e-03
8.516197092831134796e-03
-3.565616905689239502e-03
1.242992468178272247e-02
-5.597950424998998642e-03
7.236527279019355774e-03
-6.420446094125509262e-03
1.940532214939594269e-02
-2.834734320640563965e-02
9.411123581230640411e-03
9.181060828268527985e-03
-2.154140919446945190e-02
-1.018323935568332672e-02
-5.048540234565734863e-02
-1.768358051776885986e-02
-2.700524218380451202e-02
3.002148494124412537e-02
1.662283577024936676e-02
3.715312341228127480e-04
-8.277687244117259979e-03
4.772954620420932770e-03
-1.262331614270806313e-03
-2.915498241782188416e-02
2.555704861879348755e-02
-7.774965837597846985e-03
1.310437265783548355e-02
-1.087540481239557266e-02
-4.218312911689281464e-03
-5.146362353116273880e-03
-1.983900368213653564e-02
-8.730193600058555603e-03
-5.265249870717525482e-03
-3.234791010618209839e-02
-1.828660629689693451e-02
1.866585947573184967e-02
-1.829066779464483261e-03
1.687193755060434341e-03
-6.492795422673225403e-03
-1.414101477712392807e-02
1.191556730191223323e-04
3.690360812470316887e-03
1.602312922477722168e-02
-2.010110206902027130e-02
4.133343324065208435e-02
-2.084969310089945793e-03
-1.512992894276976585e-03
2.559497579932212830e-02
8.002306334674358368e-03
-2.047827094793319702e-02
2.872896147891879082e-03
2.782319439575076103e-03
7.088850717991590500e-03
1.147538889199495316e-02
3.997415304183959961e-02
-1.926925219595432281e-02
1.055181608535349369e-03
1.356099359691143036e-02
3.245314583182334900e-03
-2.931364113464951515e-03
-3.416185453534126282e-02
5.450184922665357590e-03
1.221141777932643890e-02
9.156293817795813084e-04
8.668273687362670898e-03
-2.759109623730182648e-02
-1.223999261856079102e-02
-4.763822257518768311e-02
3.867701813578605652e-02
-8.448745124042034149e-03
-1.532649039290845394e-04
-2.123197307810187340e-03
-5.270216497592628002e-04
6.510615348815917969e-03
1.496345456689596176e-02
-2.859128825366497040e-02
5.321894772350788116e-03
-3.374152351170778275e-03
-9.950418956577777863e-03
-1.839923858642578125e-02
-2.850735094398260117e-03
2.831650525331497192e-02
-6.775491870939731598e-03
3.502975916489958763e-03
-8.169427514076232910e-03
-1.017014961689710617e-02
-4.967853892594575882e-04
1.883692573755979538e-03
1.638158597052097321e-02
-6.956367753446102142e-03
-4.433747008442878723e-02
3.693141043186187744e-02
1.903275214135646820e-02
9.117469191551208496e-03
-6.136360578238964081e-03
1.820963621139526367e-02
-9.380697272717952728e-03
-4.513702914118766785e-02
-1.668775104917585850e-03
-2.604892663657665253e-02
-4.554069042205810547e-02
5.522990133613348007e-03
-7.191147189587354660e-03
-8.848145604133605957e-03
-5.697715561836957932e-03
-1.374420616775751114e-02
-2.123171463608741760e-02
2.936351113021373749e-02
5.165511369705200195e-02
-3.425357118248939514e-02
3.508189460262656212e-03
-2.137453266186639667e-04
2.370212040841579437e-02
1.552506443113088608e-02
-4.170985426753759384e-03
1.735793054103851318e-02
3.363862866535782814e-03
4.283296875655651093e-03
-1.131495647132396698e-02
1.799474656581878662e-02
8.654525503516197205e-03
6.239668000489473343e-03
-3.679649438709020615e-03
4.067393951117992401e-03
3.393030259758234024e-03
-1.530579663813114166e-02
2.854294143617153168e-03
-1.279738359153270721e-02
-5.526796448975801468e-03
-5.698177497833967209e-03
-3.169497102499008179e-02
3.289083717390894890e-03
-7.060969714075326920e-03
1.783142425119876862e-02
-5.183565430343151093e-03
2.062003361061215401e-03
-1.765576656907796860e-03
-8.163070306181907654e-03
-3.192580305039882660e-03
-8.502483367919921875e-03
1.147686969488859177e-02
-7.866915315389633179e-03
2.413955889642238617e-02
-7.766697090119123459e-03
-1.649894751608371735e-02
-2.121134847402572632e-02
-1.196665968745946884e-02
1.418979372829198837e-02
1.398320961743593216e-02
1.141370972618460655e-03
2.020793326664716005e-04
3.999873623251914978e-02
-1.997940428555011749e-02
1.450181473046541214e-02
1.392280030995607376e-02
2.964366413652896881e-02
5.117582622915506363e-03
1.001981087028980255e-02
2.817614749073982239e-02
1.047335378825664520e-02
-9.492008015513420105e-03
2.644465537741780281e-03
9.029348380863666534e-03
6.724031176418066025e-03
1.828678324818611145e-02
-6.615142337977886200e-03
-8.823423646390438080e-03
6.535790860652923584e-03
1.072074193507432938e-02
-2.100597880780696869e-02
-2.587234042584896088e-02
-4.927114024758338928e-02
-3.627555212005972862e-03
-1.967698149383068085e-02
4.619584884494543076e-03
-2.888147905468940735e-02
-1.681480929255485535e-02
9.280049242079257965e-03
-2.178952284157276154e-02
3.117517381906509399e-02
8.405268192291259766e-03
2.661055140197277069e-02
3.668504650704562664e-04
2.070031128823757172e-02
9.965237230062484741e-03
5.748353432863950729e-03
3.678428707644343376e-03
-9.652674198150634766e-03
-7.024469319730997086e-03
4.466293379664421082e-03
1.232487993547692895e-04
-1.279511721804738045e-03
-6.232547573745250702e-03
1.066320948302745819e-02
3.911710157990455627e-02
5.065543949604034424e-02
-2.689051814377307892e-02
-1.223998330533504486e-02
2.367139235138893127e-02
1.043463591486215591e-02
-1.374990120530128479e-02
-7.961422204971313477e-02
9.283965453505516052e-03
-1.601406000554561615e-02
2.148887142539024353e-02
2.243396267294883728e-02
-6.286849267780780792e-03
4.230792110320180655e-04
-1.968499086797237396e-02
3.111269325017929077e-02
1.426970399916172028e-02
9.599736891686916351e-03
-7.735377643257379532e-03
1.875205151736736298e-02
5.623605474829673767e-02
1.098054274916648865e-02
-6.591415964066982269e-03
-2.661174163222312927e-03
3.377811610698699951e-02
