1.110535185331513741e+00
2.792419181660009713e+02
4.039815725560799820e+00
2.355635615373973906e+02
1.058687329308483527e+01
5.481897761119405160e-02
3.296659142391394681e+01
9.954562667398717535e-01
1.806631973984087036e+00
2.067765376162946089e-01
1.213469735931090865e-01
8.611170092722769676e-02
1.654902019805203794e+00
1.058850975819290330e+00
3.977604842698919470e+02
3.935941555314867060e+02
1.036391574188714609e-01
1.667242363090626345e-01
1.524371862232062370e-02
2.030173384157450411e-01
1.343710810046753502e-02
