2.157614938914775848e-02
6.823172792792320251e-03
-7.348712533712387085e-02
2.271286910399794579e-03
-2.066184068098664284e-03
-7.883792743086814880e-03
-5.777046084403991699e-02
-2.213466539978981018e-02
-3.820649534463882446e-02
-2.659381739795207977e-02
2.783629810437560081e-03
-8.091288618743419647e-03
4.433868918567895889e-03
-6.353903561830520630e-03
1.633349247276782990e-02
-3.761339187622070312e-02
-6.035215780138969421e-02
6.992479413747787476e-02
1.981781482696533203e+00
-3.014142252504825592e-02
2.640544436872005463e-02
