1.199823571369051933e-03
4.336313577368855476e-04
9.420718066394329071e-03
4.870926029980182648e-03
2.697936026379466057e-03
1.494662836194038391e-03
3.300802083685994148e-03
9.832531213760375977e-04
1.170602510683238506e-03
1.170211005955934525e-03
1.463154563680291176e-03
1.164984656497836113e-03
5.352152511477470398e-04
4.682020226027816534e-04
1.886426471173763275e-03
3.364560427144169807e-03
6.572897080332040787e-03
1.052136495709419250e-01
8.507463335990905762e-01
9.195408783853054047e-04
9.224100504070520401e-04
